1 0.1125 0.91171875 0.221875 0.1625
1 0.08203125 0.63046875 0.1640625 0.2296875
1 0.18359375 0.4796875 0.19375 0.2203125
1 0.28671875 0.66328125 0.228125 0.225
1 0.375 0.6875 0.18125 0.240625
1 0.2796875 0.071875 0.30625 0.14375
1 0.73671875 0.50625 0.2015625 0.1125
1 0.35625 0.465625 0.2296875 0.13125
0 0.4453125 0.33984375 0.08125 0.0828125
0 0.5625 0.34296875 0.1140625 0.0875
1 0.853125 0.0625 0.29375 0.121875
0 0.85390625 0.2796875 0.096875 0.0515625
0 0.5859375 0.25078125 0.053125 0.05625
1 0.32109375 0.3125 0.125 0.1
1 0.415625 0.95546875 0.2375 0.0796875
1 0.8671875 0.16640625 0.065625 0.0671875
0 0.95859375 0.17890625 0.0515625 0.04375