1 0.8875 0.91171875 0.221875 0.1625
1 0.91796875 0.63046875 0.1640625 0.2296875
1 0.81640625 0.4796875 0.19375 0.2203125
1 0.71328125 0.66328125 0.228125 0.225
1 0.625 0.6875 0.18125 0.240625
1 0.7203125 0.071875 0.30625 0.14375
1 0.26328125 0.50625 0.2015625 0.1125
1 0.64375 0.465625 0.2296875 0.13125
0 0.5546875 0.33984375 0.08125 0.0828125
0 0.4375 0.34296875 0.1140625 0.0875
1 0.146875 0.0625 0.29375 0.121875
0 0.14609375 0.2796875 0.096875 0.0515625
0 0.4140625 0.25078125 0.053125 0.05625
1 0.67890625 0.3125 0.125 0.1
1 0.584375 0.95546875 0.2375 0.0796875
1 0.1328125 0.16640625 0.065625 0.0671875
0 0.04140625 0.17890625 0.0515625 0.04375