1 0.91171875 0.8875 0.1625 0.2234375
1 0.63046875 0.91796875 0.2296875 0.1640625
1 0.4796875 0.81640625 0.2203125 0.19375
1 0.66328125 0.71328125 0.225 0.228125
1 0.6875 0.625 0.240625 0.18125
1 0.071875 0.7203125 0.14375 0.30625
1 0.50625 0.26328125 0.1125 0.2015625
1 0.465625 0.64375 0.13125 0.2296875
0 0.33984375 0.5546875 0.0828125 0.08125
0 0.34296875 0.4375 0.0875 0.1140625
1 0.0625 0.146875 0.121875 0.29375
0 0.2796875 0.14609375 0.0515625 0.096875
0 0.25078125 0.4140625 0.05625 0.053125
1 0.3125 0.67890625 0.1 0.125
1 0.95546875 0.584375 0.0796875 0.2375
1 0.16640625 0.1328125 0.0671875 0.065625
0 0.17890625 0.04140625 0.0453125 0.0515625