0 0.8875 0.78359375 0.15625 0.06875
1 0.16796875 0.09765625 0.3359375 0.1875
1 0.30625 0.1890625 0.203125 0.253125
1 0.44296875 0.26015625 0.175 0.25625
1 0.559375 0.37109375 0.175 0.24375
1 0.0609375 0.375 0.121875 0.3625
1 0.68203125 0.13046875 0.246875 0.225
1 0.86796875 0.30703125 0.2640625 0.265625
1 0.7625 0.43515625 0.1671875 0.209375
1 0.5609375 0.5515625 0.11875 0.15625
1 0.08203125 0.73046875 0.1640625 0.0984375
0 0.52265625 0.72890625 0.09375 0.078125
0 0.67421875 0.75234375 0.071875 0.0375
1 0.70078125 0.67421875 0.159375 0.090625
1 0.36640625 0.5875 0.078125 0.128125