0 0.1125 0.21640625 0.15625 0.06875
1 0.83203125 0.90234375 0.3359375 0.1875
1 0.69375 0.8109375 0.2046875 0.253125
1 0.55703125 0.73984375 0.175 0.25625
1 0.440625 0.62890625 0.175 0.24375
1 0.9390625 0.625 0.121875 0.3625
1 0.31796875 0.86953125 0.246875 0.225
1 0.13203125 0.69296875 0.2640625 0.265625
1 0.2375 0.56484375 0.1671875 0.209375
1 0.4390625 0.4484375 0.11875 0.15625
1 0.91796875 0.26953125 0.1640625 0.0984375
0 0.47734375 0.27109375 0.09375 0.078125
0 0.32578125 0.24765625 0.071875 0.0375
1 0.29921875 0.32578125 0.159375 0.090625
1 0.63359375 0.4125 0.078125 0.128125