1 0.48046875 0.7765625 0.103125 0.05625
1 0.49453125 0.7078125 0.090625 0.05
1 0.85078125 0.73515625 0.2984375 0.121875
1 0.6421875 0.7875 0.184375 0.1125
1 0.9546875 0.18984375 0.084375 0.290625
1 0.84609375 0.09375 0.1859375 0.10625
1 0.6859375 0.15390625 0.1125 0.10625
0 0.53515625 0.4 0.084375 0.10625
0 0.44765625 0.43671875 0.115625 0.090625
0 0.42109375 0.53046875 0.0796875 0.1015625
0 0.321875 0.14609375 0.09375 0.090625
0 0.6078125 0.3140625 0.125 0.096875
1 0.7625 0.45390625 0.1640625 0.13125
1 0.66015625 0.47734375 0.0875 0.1125
1 0.88515625 0.55390625 0.225 0.2
0 0.39375 0.3625 0.0625 0.0703125
0 0.5203125 0.1625 0.040625 0.040625