1 0.51953125 0.2234375 0.103125 0.05625
1 0.50546875 0.2921875 0.090625 0.05
1 0.14921875 0.26484375 0.2984375 0.121875
1 0.3578125 0.2125 0.184375 0.1125
1 0.0453125 0.81015625 0.084375 0.290625
1 0.15390625 0.90625 0.1859375 0.10625
1 0.3140625 0.84609375 0.1125 0.10625
0 0.46484375 0.6 0.084375 0.10625
0 0.55234375 0.56328125 0.115625 0.090625
0 0.57890625 0.46953125 0.0796875 0.1015625
0 0.678125 0.85390625 0.09375 0.090625
0 0.3921875 0.6859375 0.125 0.096875
1 0.2375 0.54609375 0.1640625 0.13125
1 0.33984375 0.52265625 0.0875 0.1125
1 0.11484375 0.44609375 0.225 0.2
0 0.60625 0.6375 0.0625 0.0703125
0 0.4796875 0.8375 0.040625 0.040625