0 0.8875 0.21640625 0.15625 0.06875
1 0.16796875 0.90234375 0.3359375 0.1875
1 0.30625 0.8109375 0.2046875 0.253125
1 0.44296875 0.73984375 0.175 0.25625
1 0.559375 0.62890625 0.175 0.24375
1 0.0609375 0.625 0.121875 0.3609375
1 0.68203125 0.86953125 0.246875 0.225
1 0.86796875 0.69296875 0.2640625 0.265625
1 0.7625 0.56484375 0.1671875 0.209375
1 0.5609375 0.4484375 0.11875 0.15625
1 0.08203125 0.26953125 0.1640625 0.0984375
0 0.52265625 0.27109375 0.09375 0.078125
0 0.67421875 0.24765625 0.071875 0.0375
1 0.70078125 0.32578125 0.159375 0.090625
1 0.36640625 0.4125 0.078125 0.128125