1 0.9 0.33515625 0.19375 0.2640625
1 0.778125 0.08125 0.434375 0.1625
1 0.71640625 0.42109375 0.2359375 0.2640625
0 0.36171875 0.47890625 0.0859375 0.11875
0 0.29296875 0.23515625 0.1515625 0.046875
0 0.20234375 0.19375 0.078125 0.08125
0 0.13125 0.15 0.0859375 0.075
0 0.18828125 0.1125 0.078125 0.065625
0 0.47890625 0.63359375 0.078125 0.0640625
1 0.52265625 0.5390625 0.175 0.1296875
1 0.69921875 0.671875 0.178125 0.115625
0 0.5640625 0.73515625 0.05625 0.0625
1 0.5796875 0.64453125 0.0796875 0.10625
0 0.2609375 0.41640625 0.0671875 0.0671875