0 0.9390625 0.134375 0.121875 0.128125
0 0.83828125 0.1625 0.1265625 0.1546875
0 0.72890625 0.1921875 0.128125 0.1328125
0 0.94375 0.30390625 0.1125 0.171875
1 0.92890625 0.5203125 0.125 0.15625
0 0.284375 0.37421875 0.09375 0.0859375
0 0.5625 0.24140625 0.071875 0.059375
0 0.72734375 0.084375 0.103125 0.06875
0 0.53671875 0.871875 0.053125 0.084375
0 0.26796875 0.53671875 0.0296875 0.046875
0 0.2671875 0.27734375 0.046875 0.053125
0 0.68203125 0.3140625 0.0359375 0.059375
0 0.22421875 0.99375 0.175 0.0125