0 0.34921875 0.7421875 0.121875 0.1015625
0 0.4375 0.5078125 0.075 0.090625
0 0.63203125 0.0890625 0.0640625 0.05625
0 0.4890625 0.4515625 0.1015625 0.0625
0 0.35625 0.66640625 0.08125 0.084375
1 0.11640625 0.92890625 0.2328125 0.1421875
1 0.0484375 0.80078125 0.09375 0.278125
1 0.08125 0.5625 0.1515625 0.2625
1 0.1828125 0.384375 0.225 0.15625
1 0.0984375 0.23203125 0.1828125 0.28125
1 0.25625 0.07578125 0.203125 0.1515625
1 0.3515625 0.2296875 0.278125 0.1875
1 0.4515625 0.065625 0.146875 0.13125
1 0.19609375 0.5484375 0.165625 0.1140625
1 0.14140625 0.7734375 0.1203125 0.115625