0 0.83515625 0.53203125 0.084375 0.15625
0 0.21796875 0.68359375 0.121875 0.296875
0 0.11484375 0.6765625 0.128125 0.203125
0 0.20546875 0.87578125 0.1171875 0.1203125
0 0.56953125 0.83359375 0.128125 0.115625
0 0.6890625 0.77734375 0.1296875 0.134375
0 0.51875 0.72265625 0.0484375 0.1515625
0 0.271875 0.9640625 0.090625 0.071875
0 0.38359375 0.878125 0.084375 0.1015625
0 0.46328125 0.88984375 0.09375 0.059375
0 0.98046875 0.58359375 0.0375 0.240625
1 0.8734375 0.82578125 0.109375 0.15625
1 0.81796875 0.9296875 0.1875 0.140625
1 0.615625 0.96328125 0.0796875 0.071875
0 0.509375 0.55390625 0.05625 0.15625
0 0.75546875 0.2203125 0.0515625 0.153125
0 0.66953125 0.02578125 0.0515625 0.0515625