1 0.328125 0.05859375 0.1703125 0.103125
1 0.53359375 0.07578125 0.24375 0.1515625
1 0.6546875 0.08125 0.1328125 0.1625
0 0.165625 0.178125 0.065625 0.078125
0 0.278125 0.94609375 0.096875 0.0703125
0 0.08515625 0.9484375 0.08125 0.053125
1 0.34375 0.17578125 0.125 0.190625
1 0.19609375 0.06640625 0.14375 0.1328125
1 0.47890625 0.29296875 0.090625 0.165625
0 0.72421875 0.2296875 0.0515625 0.096875
0 0.91328125 0.4890625 0.046875 0.128125
1 0.62421875 0.20078125 0.065625 0.115625
0 0.9046875 0.3796875 0.046875 0.071875