1 0.30703125 0.73515625 0.1609375 0.1640625
1 0.03984375 0.615625 0.0796875 0.1203125
0 0.0625 0.49140625 0.09375 0.090625
1 0.975 0.34765625 0.05 0.1640625
0 0.978125 0.22109375 0.04375 0.0421875
1 0.85234375 0.79609375 0.1328125 0.1265625
1 0.6765625 0.65859375 0.090625 0.0484375
1 0.9640625 0.7703125 0.071875 0.140625
1 0.5390625 0.9390625 0.21875 0.11875
1 0.42109375 0.82890625 0.1984375 0.125
0 0.39609375 0.975 0.053125 0.05
1 0.1875 0.690625 0.1328125 0.1796875
1 0.60859375 0.803125 0.13125 0.1484375