0 0.84765625 0.77734375 0.0671875 0.071875
0 0.659375 0.46640625 0.0640625 0.025
0 0.71328125 0.48828125 0.04375 0.021875
0 0.8453125 0.71171875 0.046875 0.071875
1 0.2296875 0.225 0.1515625 0.184375
1 0.13984375 0.35859375 0.2796875 0.1796875
1 0.1078125 0.7125 0.2015625 0.265625
1 0.3859375 0.6640625 0.1625 0.1625
1 0.60234375 0.74375 0.28125 0.1015625
1 0.6890625 0.7234375 0.121875 0.20625
1 0.49140625 0.31015625 0.134375 0.103125
1 0.59296875 0.40078125 0.09375 0.078125
1 0.1265625 0.0734375 0.253125 0.1328125
1 0.6875 0.9640625 0.21875 0.071875