0 0.34375 0.7046875 0.084375 0.11875
0 0.75703125 0.125 0.4734375 0.2171875
1 0.65625 0.93671875 0.190625 0.125
1 0.821875 0.39765625 0.35625 0.3015625
1 0.8046875 0.73125 0.153125 0.2203125
1 0.63125 0.6734375 0.2828125 0.153125
1 0.53984375 0.534375 0.153125 0.20625
1 0.85 0.92890625 0.3 0.140625
0 0.3625 0.42421875 0.1171875 0.146875
0 0.20078125 0.46328125 0.1125 0.190625
0 0.1015625 0.47890625 0.134375 0.11875
0 0.4140625 0.31484375 0.1140625 0.125
0 0.28828125 0.225 0.096875 0.0984375
0 0.24921875 0.3078125 0.05625 0.0671875
0 0.63046875 0.26796875 0.059375 0.0640625