1 0.55390625 0.93515625 0.1671875 0.1296875
1 0.1984375 0.925 0.090625 0.15
0 0.82734375 0.70859375 0.1125 0.1796875
0 0.784375 0.65390625 0.165625 0.171875
0 0.784375 0.50234375 0.071875 0.11875
0 0.70078125 0.5671875 0.05625 0.140625
0 0.17109375 0.62265625 0.04375 0.103125
0 0.30078125 0.153125 0.05625 0.1125
0 0.8234375 0.16796875 0.09375 0.0703125
0 0.74453125 0.346875 0.03125 0.09375
0 0.80703125 0.26171875 0.0515625 0.071875
0 0.0515625 0.0890625 0.0546875 0.090625
0 0.29765625 0.43203125 0.053125 0.071875
0 0.82421875 0.4125 0.0375 0.04375
0 0.95234375 0.45390625 0.0296875 0.1015625
1 0.059375 0.91796875 0.0984375 0.1625