0 0.63828125 0.19140625 0.0875 0.046875
0 0.665625 0.26796875 0.0796875 0.071875
0 0.76328125 0.22734375 0.0359375 0.021875
0 0.83671875 0.234375 0.0328125 0.028125
0 0.8859375 0.29375 0.040625 0.0359375
1 0.503125 0.1953125 0.109375 0.0671875
1 0.72734375 0.54921875 0.096875 0.1296875
1 0.8375 0.57265625 0.10625 0.103125
1 0.96328125 0.63359375 0.071875 0.1953125
1 0.89609375 0.65625 0.1125 0.1109375
1 0.6578125 0.66484375 0.10625 0.1015625
1 0.6328125 0.50390625 0.159375 0.178125
1 0.59375 0.38125 0.1671875 0.1
1 0.40859375 0.35625 0.2375 0.159375
1 0.4125 0.22578125 0.1625 0.1140625
1 0.24921875 0.44296875 0.228125 0.15625
1 0.33359375 0.56015625 0.196875 0.1625
1 0.25546875 0.7125 0.2125 0.1796875
1 0.1265625 0.8328125 0.171875 0.2375
1 0.31953125 0.8796875 0.1984375 0.2203125
1 0.5609375 0.85 0.09375 0.0796875
1 0.0578125 0.1765625 0.109375 0.353125
1 0.14609375 0.61640625 0.209375 0.125
1 0.13828125 0.0734375 0.128125 0.1359375
1 0.1359375 0.2640625 0.1125 0.1171875