1 0.7875 0.1171875 0.225 0.234375
1 0.62890625 0.4390625 0.16875 0.3984375
1 0.7484375 0.8640625 0.25625 0.265625
1 0.58125 0.89140625 0.165625 0.20625
0 0.41875 0.96640625 0.1140625 0.059375
0 0.4203125 0.89609375 0.0484375 0.0796875
0 0.4625 0.8078125 0.059375 0.140625
0 0.49921875 0.56953125 0.0671875 0.103125
0 0.4890625 0.4328125 0.0875 0.1125
0 0.4765625 0.27265625 0.059375 0.15625
0 0.4921875 0.1453125 0.05 0.0875
0 0.58046875 0.0265625 0.1625 0.053125
1 0.625 0.69921875 0.1984375 0.115625