1 0.2578125 0.190625 0.146875 0.15
1 0.665625 0.0859375 0.14375 0.16875
1 0.78203125 0.18359375 0.090625 0.171875
1 0.94140625 0.3234375 0.1140625 0.2328125
1 0.96640625 0.6546875 0.0640625 0.284375
1 0.43984375 0.078125 0.2640625 0.15625
1 0.44609375 0.1875 0.18125 0.1859375
1 0.16484375 0.0984375 0.20625 0.171875
0 0.328125 0.3296875 0.0359375 0.0796875
0 0.66171875 0.2953125 0.0484375 0.096875
1 0.5796875 0.19609375 0.103125 0.115625
0 0.58046875 0.3125 0.053125 0.04375
0 0.4375 0.8375 0.05625 0.0625
0 0.74375 0.64765625 0.0640625 0.040625
0 0.678125 0.62890625 0.040625 0.0375
0 0.26640625 0.43125 0.0703125 0.096875