0 0.22109375 0.56875 0.13125 0.1765625
0 0.75078125 0.25390625 0.09375 0.128125
0 0.46796875 0.25546875 0.075 0.125
1 0.234375 0.428125 0.1953125 0.121875
1 0.36171875 0.47578125 0.1234375 0.2375
1 0.60625 0.85390625 0.215625 0.165625
1 0.50078125 0.6125 0.31875 0.1828125
1 0.809375 0.571875 0.196875 0.125
1 0.86953125 0.33515625 0.1359375 0.1046875
1 0.3390625 0.81953125 0.2765625 0.24375
1 0.02578125 0.865625 0.0515625 0.1125
1 0.04453125 0.72265625 0.0890625 0.0609375
1 0.57109375 0.39296875 0.140625 0.075