1 0.08984375 0.42578125 0.1796875 0.2265625
1 0.51640625 0.3390625 0.309375 0.20625
1 0.809375 0.12421875 0.2625 0.24375
1 0.96171875 0.59375 0.075 0.2125
1 0.22421875 0.31171875 0.175 0.225
1 0.09453125 0.18125 0.1890625 0.340625
1 0.56171875 0.13203125 0.203125 0.2640625
1 0.9390625 0.23046875 0.115625 0.45
0 0.77421875 0.73359375 0.0875 0.109375
0 0.9703125 0.86328125 0.0515625 0.153125
0 0.33203125 0.59453125 0.075 0.065625
0 0.275 0.7078125 0.05625 0.0671875
0 0.7671875 0.8125 0.0484375 0.0484375
0 0.01015625 0.82109375 0.0203125 0.125
1 0.046875 0.59140625 0.09375 0.2140625