1 0.45390625 0.89765625 0.396875 0.203125
1 0.14609375 0.88046875 0.2921875 0.2390625
1 0.10625 0.71484375 0.190625 0.21875
1 0.2296875 0.71171875 0.10625 0.159375
0 0.38359375 0.51171875 0.109375 0.134375
0 0.4875 0.4328125 0.15625 0.171875
0 0.63671875 0.375 0.1640625 0.1625
0 0.51953125 0.24296875 0.1640625 0.1625
0 0.64375 0.24765625 0.0984375 0.128125
0 0.578125 0.503125 0.0875 0.125
1 0.54296875 0.6375 0.13125 0.115625
1 0.871875 0.58046875 0.15625 0.184375
1 0.91796875 0.50078125 0.159375 0.190625
1 0.2671875 0.29140625 0.10625 0.1171875
1 0.1625 0.53515625 0.10625 0.15