1 0.9421875 0.88984375 0.109375 0.2203125
1 0.07578125 0.721875 0.1515625 0.296875
1 0.4375 0.78125 0.184375 0.2515625
1 0.33046875 0.4625 0.0875 0.0640625
1 0.05234375 0.4078125 0.1046875 0.2625
1 0.13671875 0.29375 0.09375 0.090625
1 0.9703125 0.64375 0.059375 0.16875
1 0.84609375 0.7796875 0.153125 0.0953125
1 0.26171875 0.3625 0.0484375 0.0484375
0 0.0640625 0.19765625 0.0484375 0.05625
0 0.97109375 0.31640625 0.053125 0.09375
0 0.7640625 0.12734375 0.0375 0.025
0 0.128125 0.17265625 0.0328125 0.0609375
0 0.06875 0.11015625 0.03125 0.034375
1 0.06015625 0.26640625 0.103125 0.0625
1 0.90390625 0.7015625 0.1125 0.0859375
0 0.8421875 0.62890625 0.090625 0.04375