0 0.83125 0.1859375 0.121875 0.09375
0 0.73828125 0.17890625 0.0828125 0.053125
0 0.8375 0.76171875 0.046875 0.046875
1 0.1875 0.1265625 0.34375 0.2359375
1 0.46640625 0.1984375 0.259375 0.275
1 0.45390625 0.490625 0.2015625 0.2015625
1 0.6140625 0.37109375 0.2875 0.203125
1 0.4640625 0.9015625 0.271875 0.196875
1 0.546875 0.7515625 0.221875 0.259375
1 0.69140625 0.9015625 0.1515625 0.196875
1 0.73203125 0.590625 0.215625 0.1875
1 0.68203125 0.05 0.284375 0.1
1 0.20390625 0.71484375 0.20625 0.18125
1 0.109375 0.40625 0.1296875 0.128125
1 0.36171875 0.74140625 0.09375 0.1921875
1 0.22578125 0.93203125 0.1875 0.1359375
0 0.80390625 0.4 0.03125 0.071875
0 0.86953125 0.240625 0.05 0.053125
0 0.8078125 0.15703125 0.046875 0.06875