1 0.28828125 0.8796875 0.16875 0.240625
1 0.48203125 0.9296875 0.325 0.140625
1 0.49140625 0.8171875 0.171875 0.253125
1 0.32265625 0.67890625 0.2484375 0.2140625
1 0.40390625 0.5375 0.121875 0.209375
1 0.3265625 0.41328125 0.1328125 0.196875
1 0.26171875 0.08671875 0.1203125 0.146875
1 0.3296875 0.23515625 0.096875 0.140625
1 0.58671875 0.65390625 0.0625 0.1203125
0 0.64921875 0.7078125 0.0296875 0.040625
0 0.675 0.790625 0.0296875 0.040625
0 0.6875 0.92421875 0.04375 0.0625
0 0.66796875 0.8484375 0.021875 0.04375
0 0.79453125 0.240625 0.04375 0.0328125