1 0.90078125 0.90546875 0.1984375 0.1859375
1 0.71640625 0.8109375 0.215625 0.1671875
1 0.91796875 0.66796875 0.1640625 0.2
1 0.9421875 0.44765625 0.115625 0.303125
1 0.68125 0.58671875 0.1796875 0.178125
1 0.7703125 0.4390625 0.146875 0.1984375
1 0.53671875 0.5265625 0.125 0.159375
1 0.4671875 0.390625 0.1125 0.1703125
1 0.13671875 0.8921875 0.121875 0.18125
1 0.38828125 0.86875 0.1828125 0.19375
1 0.32421875 0.38671875 0.0859375 0.096875
0 0.3515625 0.53828125 0.078125 0.075
1 0.26015625 0.5046875 0.06875 0.125
1 0.09765625 0.46953125 0.059375 0.04375
1 0.11953125 0.43359375 0.0359375 0.0328125
0 0.15703125 0.3453125 0.034375 0.0296875
0 0.21328125 0.35703125 0.025 0.03125