1 0.94296875 0.70546875 0.1140625 0.1171875
1 0.95390625 0.85390625 0.0921875 0.075
1 0.0734375 0.596875 0.14375 0.0484375
1 0.09453125 0.3421875 0.1890625 0.115625
1 0.18984375 0.0359375 0.225 0.071875
1 0.3796875 0.05 0.1859375 0.1
1 0.465625 0.1125 0.16875 0.10625
1 0.19609375 0.32890625 0.078125 0.040625
1 0.20390625 0.63359375 0.096875 0.025
1 0.15703125 0.75390625 0.128125 0.04375
1 0.23515625 0.69140625 0.115625 0.0515625
1 0.10625 0.8375 0.125 0.0203125
1 0.084375 0.26171875 0.16875 0.059375
1 0.7875 0.67265625 0.171875 0.0828125
1 0.94609375 0.11796875 0.0875 0.0640625
1 0.15859375 0.52109375 0.090625 0.028125
1 0.60546875 0.91484375 0.078125 0.0765625
1 0.77890625 0.525 0.0796875 0.0625
0 0.28203125 0.784375 0.0671875 0.0453125
0 0.34609375 0.52734375 0.034375 0.028125