0 0.15 0.76953125 0.0828125 0.0765625
0 0.1296875 0.88671875 0.0484375 0.05
0 0.20234375 0.98203125 0.115625 0.0359375
0 0.053125 0.81484375 0.03125 0.0625
0 0.08203125 0.92890625 0.0328125 0.1375
0 0.1421875 0.6625 0.046875 0.0484375
0 0.5921875 0.98515625 0.08125 0.0296875
1 0.8625 0.29296875 0.275 0.159375
1 0.8796875 0.8921875 0.228125 0.2125
1 0.87109375 0.55390625 0.2296875 0.275
1 0.6578125 0.33203125 0.1296875 0.09375
1 0.93359375 0.08203125 0.1328125 0.1640625
0 0.10234375 0.2875 0.0375 0.075
0 0.178125 0.21328125 0.025 0.0671875
0 0.090625 0.2078125 0.028125 0.053125