1 0.0671875 0.81171875 0.134375 0.3171875
1 0.109375 0.16484375 0.209375 0.3296875
1 0.35 0.12890625 0.36875 0.246875
1 0.7984375 0.14609375 0.275 0.2828125
1 0.92421875 0.396875 0.1515625 0.196875
0 0.60390625 0.42734375 0.06875 0.10625
0 0.32890625 0.50234375 0.065625 0.0984375
0 0.1328125 0.58359375 0.059375 0.053125
0 0.559375 0.5125 0.040625 0.05625
1 0.59609375 0.06015625 0.1671875 0.1
1 0.43828125 0.42109375 0.1375 0.146875
1 0.2796875 0.384375 0.0859375 0.1203125
1 0.10703125 0.4453125 0.2 0.1296875