0 0.22265625 0.15234375 0.071875 0.0671875
0 0.53359375 0.340625 0.025 0.0640625
0 0.51171875 0.28671875 0.021875 0.04375
0 0.28828125 0.1546875 0.071875 0.046875
1 0.775 0.7703125 0.184375 0.1515625
1 0.64140625 0.86015625 0.1796875 0.2796875
1 0.2875 0.8921875 0.265625 0.2015625
1 0.3359375 0.6140625 0.1625 0.1625
1 0.25625 0.39765625 0.1015625 0.28125
1 0.2765625 0.3109375 0.20625 0.121875
1 0.68984375 0.50859375 0.103125 0.134375
1 0.59921875 0.40703125 0.078125 0.09375
1 0.9265625 0.8734375 0.1328125 0.253125
1 0.0359375 0.3125 0.071875 0.21875