0 0.81171875 0.08671875 0.06875 0.10625
0 0.91953125 0.91015625 0.1609375 0.1796875
0 0.8296875 0.73828125 0.0828125 0.1171875
0 0.8828125 0.14609375 0.040625 0.0609375
0 0.95703125 0.3578125 0.071875 0.04375
0 0.95703125 0.24609375 0.0265625 0.0296875
0 0.8375 0.3265625 0.03125 0.084375
0 0.803125 0.159375 0.0234375 0.028125
0 0.81328125 0.8359375 0.0359375 0.0640625
0 0.73203125 0.96484375 0.178125 0.0640625
0 0.5640625 0.86015625 0.05 0.05
0 0.7359375 0.1765625 0.0640625 0.078125
0 0.65703125 0.890625 0.084375 0.05
0 0.7453125 0.7734375 0.059375 0.0703125
0 0.78984375 0.271875 0.0375 0.0515625
1 0.8828125 0.0515625 0.040625 0.0859375
1 0.421875 0.23359375 0.121875 0.0546875
1 0.4234375 0.96796875 0.0859375 0.0578125
1 0.40703125 0.05859375 0.125 0.025