0 0.7421875 0.65078125 0.1015625 0.121875
0 0.5078125 0.5625 0.090625 0.075
0 0.0890625 0.36796875 0.05625 0.0640625
0 0.4515625 0.5109375 0.0625 0.1015625
0 0.66640625 0.64375 0.084375 0.08125
1 0.92890625 0.88359375 0.1421875 0.2328125
1 0.80078125 0.9515625 0.278125 0.09375
1 0.5625 0.91875 0.2625 0.1515625
1 0.384375 0.8171875 0.1578125 0.225
1 0.23203125 0.9015625 0.28125 0.1828125
1 0.07578125 0.74375 0.1515625 0.203125
1 0.2296875 0.6484375 0.1890625 0.278125
1 0.065625 0.5484375 0.13125 0.146875
1 0.5484375 0.80390625 0.1140625 0.165625
1 0.7734375 0.85859375 0.115625 0.1203125