0 0.61796875 0.4109375 0.059375 0.1125
0 0.878125 0.3453125 0.1296875 0.0703125
0 0.17109375 0.6921875 0.059375 0.0921875
1 0.32421875 0.49609375 0.196875 0.1625
0 0.88984375 0.63046875 0.1671875 0.15625
1 0.07109375 0.67578125 0.1375 0.15625
0 0.04921875 0.77734375 0.096875 0.04375
1 0.8328125 0.1578125 0.18125 0.2625
0 0.375 0.62734375 0.15 0.0375
1 0.55703125 0.27890625 0.178125 0.153125
1 0.3734375 0.37890625 0.146875 0.19375
1 0.084375 0.4640625 0.16875 0.3125
1 0.1265625 0.18046875 0.253125 0.325