1 0.3796875 0.83046875 0.3203125 0.3375
1 0.05625 0.228125 0.1125 0.359375
1 0.47890625 0.37890625 0.196875 0.45625
1 0.60859375 0.1953125 0.0796875 0.159375
1 0.5359375 0.86015625 0.1203125 0.2796875
1 0.61015625 0.59609375 0.0859375 0.171875
1 0.65546875 0.2828125 0.04375 0.078125
1 0.17421875 0.5359375 0.153125 0.309375
1 0.146875 0.88984375 0.2796875 0.2203125
0 0.7015625 0.20546875 0.059375 0.109375
1 0.6625 0.06953125 0.065625 0.128125
0 0.78515625 0.65390625 0.059375 0.084375
1 0.28515625 0.121875 0.2765625 0.24375