1 0.184375 0.09609375 0.36875 0.1921875
1 0.14609375 0.290625 0.290625 0.178125
1 0.3734375 0.29921875 0.225 0.2015625
1 0.55703125 0.36484375 0.321875 0.15
1 0.71171875 0.14765625 0.35625 0.215625
1 0.8875 0.35390625 0.2125 0.1625
1 0.909375 0.490625 0.175 0.18125
1 0.73515625 0.434375 0.1875 0.096875
0 0.70859375 0.5375 0.06875 0.059375
0 0.49921875 0.646875 0.05625 0.04375
0 0.8078125 0.6484375 0.059375 0.040625
0 0.97421875 0.84609375 0.034375 0.0375
0 0.77890625 0.809375 0.05 0.040625
0 0.61171875 0.7359375 0.046875 0.0203125
0 0.71796875 0.8515625 0.053125 0.059375
0 0.909375 0.84140625 0.075 0.034375