1 0.69296875 0.26484375 0.159375 0.1640625
1 0.96015625 0.384375 0.0796875 0.1203125
0 0.9375 0.50859375 0.09375 0.090625
1 0.025 0.65234375 0.05 0.1640625
0 0.021875 0.77890625 0.04375 0.0421875
1 0.14765625 0.20390625 0.1328125 0.125
1 0.3234375 0.34140625 0.090625 0.0484375
1 0.0359375 0.2296875 0.071875 0.140625
1 0.4609375 0.0609375 0.21875 0.11875
1 0.57890625 0.17109375 0.1984375 0.125
0 0.60390625 0.025 0.053125 0.05
1 0.8125 0.309375 0.1328125 0.178125
1 0.39140625 0.196875 0.13125 0.1484375