0 0.071875 0.10390625 0.14375 0.128125
0 0.5609375 0.29296875 0.1296875 0.103125
0 0.22265625 0.421875 0.040625 0.0578125
0 0.284375 0.38828125 0.0390625 0.04375
0 0.37421875 0.38359375 0.071875 0.059375
0 0.45703125 0.3765625 0.05625 0.05625
0 0.75546875 0.24296875 0.0921875 0.0734375
0 0.02890625 0.55078125 0.05625 0.0625
1 0.46875 0.69453125 0.3671875 0.378125
1 0.86328125 0.67109375 0.23125 0.3015625
1 0.09453125 0.35390625 0.1703125 0.20625
1 0.15390625 0.6671875 0.1328125 0.1859375
0 0.24453125 0.23125 0.084375 0.053125