1 0.69609375 0.86640625 0.503125 0.25
1 0.13046875 0.76171875 0.2609375 0.4609375
1 0.3296875 0.68203125 0.2828125 0.478125
1 0.52421875 0.721875 0.175 0.20625
1 0.10546875 0.34609375 0.2109375 0.4296875
1 0.2890625 0.184375 0.046875 0.128125
1 0.46171875 0.2421875 0.0484375 0.0875
1 0.66953125 0.7125 0.1015625 0.18125
1 0.8375 0.7453125 0.078125 0.125
1 0.4328125 0.4390625 0.078125 0.10625
0 0.55390625 0.13046875 0.0625 0.05625
0 0.7734375 0.5890625 0.05 0.046875
0 0.61953125 0.26640625 0.075 0.11875
0 0.4578125 0.1046875 0.071875 0.05625
0 0.3921875 0.06640625 0.08125 0.078125
0 0.74140625 0.4890625 0.1 0.0703125
0 0.74921875 0.62890625 0.059375 0.0703125