0 0.83515625 0.46796875 0.084375 0.15625
0 0.21796875 0.31640625 0.121875 0.296875
0 0.11484375 0.3234375 0.128125 0.2046875
0 0.20546875 0.12421875 0.1171875 0.1203125
0 0.56953125 0.16640625 0.128125 0.115625
0 0.6890625 0.22265625 0.1296875 0.134375
0 0.51875 0.27734375 0.0484375 0.1515625
0 0.271875 0.0359375 0.090625 0.071875
0 0.38359375 0.121875 0.084375 0.1015625
0 0.46328125 0.11015625 0.09375 0.059375
0 0.98046875 0.41640625 0.0375 0.240625
1 0.8734375 0.17421875 0.109375 0.1578125
1 0.81796875 0.0703125 0.1890625 0.140625
1 0.615625 0.03671875 0.0796875 0.071875
0 0.509375 0.44609375 0.05625 0.15625
0 0.75546875 0.7796875 0.0515625 0.153125
0 0.66953125 0.97421875 0.0515625 0.0515625