1 0.09453125 0.09921875 0.1859375 0.1984375
1 0.1890625 0.28359375 0.1671875 0.215625
1 0.33203125 0.08203125 0.2 0.1640625
1 0.55234375 0.0578125 0.303125 0.115625
1 0.41328125 0.31875 0.178125 0.1796875
1 0.5609375 0.2296875 0.1984375 0.146875
1 0.4734375 0.46328125 0.159375 0.125
1 0.609375 0.5328125 0.1703125 0.1125
1 0.1078125 0.86328125 0.18125 0.121875
1 0.13125 0.61171875 0.19375 0.1828125
1 0.61328125 0.67578125 0.096875 0.0859375
0 0.46171875 0.6484375 0.075 0.078125
1 0.4953125 0.73984375 0.125 0.06875
1 0.53046875 0.90234375 0.04375 0.059375
1 0.56640625 0.88046875 0.0328125 0.0359375
0 0.6546875 0.84296875 0.0296875 0.034375
0 0.64296875 0.78671875 0.03125 0.025