0 0.75078125 0.42265625 0.0734375 0.034375
0 0.22578125 0.23359375 0.059375 0.046875
0 0.01796875 0.43359375 0.0359375 0.0375
0 0.665625 0.42890625 0.0546875 0.05625
0 0.68046875 0.346875 0.0578125 0.034375
0 0.41171875 0.26484375 0.0625 0.028125
0 0.90234375 0.26015625 0.065625 0.0515625
0 0.97578125 0.26015625 0.0484375 0.05625
0 0.11796875 0.35703125 0.0625 0.0453125
0 0.33203125 0.37109375 0.05 0.0375
0 0.36796875 0.49296875 0.0421875 0.0359375
0 0.8265625 0.35859375 0.0609375 0.025
0 0.0453125 0.16640625 0.0546875 0.0484375
1 0.159375 0.65625 0.175 0.3171875
1 0.45703125 0.709375 0.165625 0.30625
1 0.8234375 0.67578125 0.3078125 0.3453125
1 0.3140625 0.57890625 0.0625 0.09375
1 0.6078125 0.559375 0.0640625 0.1078125
1 0.23359375 0.4484375 0.0796875 0.075
0 0.86171875 0.11875 0.05625 0.0640625
0 0.42265625 0.19921875 0.040625 0.05