0 0.9390625 0.865625 0.121875 0.128125
0 0.83828125 0.8375 0.125 0.153125
0 0.72890625 0.8078125 0.128125 0.1328125
0 0.94375 0.69609375 0.1125 0.171875
1 0.92890625 0.4796875 0.125 0.15625
0 0.284375 0.62578125 0.09375 0.0859375
0 0.5625 0.75859375 0.071875 0.059375
0 0.72734375 0.915625 0.103125 0.06875
0 0.53671875 0.128125 0.053125 0.084375
0 0.26796875 0.46328125 0.0296875 0.046875
0 0.2671875 0.72265625 0.046875 0.053125
0 0.68203125 0.6859375 0.0359375 0.059375
0 0.22421875 0.00625 0.175 0.0125