0 0.91328125 0.18828125 0.10625 0.06875
0 0.08984375 0.08046875 0.1796875 0.1609375
0 0.26171875 0.1703125 0.1171875 0.0828125
0 0.85390625 0.1171875 0.0609375 0.0421875
0 0.6421875 0.04296875 0.04375 0.071875
0 0.75390625 0.04296875 0.0296875 0.0265625
0 0.6734375 0.1625 0.084375 0.03125
0 0.840625 0.196875 0.028125 0.0234375
0 0.1640625 0.18671875 0.0640625 0.0359375
0 0.03515625 0.26796875 0.0640625 0.178125
0 0.13984375 0.4359375 0.05 0.05
0 0.8234375 0.2640625 0.078125 0.0640625
0 0.109375 0.34296875 0.05 0.084375
0 0.2265625 0.2546875 0.071875 0.059375
0 0.728125 0.21015625 0.0515625 0.0375
1 0.9484375 0.1171875 0.0859375 0.040625
1 0.76640625 0.578125 0.0546875 0.121875
1 0.03203125 0.5765625 0.0578125 0.0859375
1 0.94140625 0.59296875 0.025 0.125