0 0.89609375 0.071875 0.128125 0.14375
0 0.70703125 0.5609375 0.103125 0.1296875
0 0.578125 0.22265625 0.0578125 0.040625
0 0.61171875 0.284375 0.04375 0.0390625
0 0.61640625 0.37421875 0.059375 0.071875
0 0.6234375 0.45703125 0.05625 0.05625
0 0.75703125 0.75546875 0.0734375 0.0921875
0 0.44921875 0.02890625 0.0625 0.05625
1 0.30546875 0.46875 0.378125 0.3671875
1 0.32890625 0.86328125 0.3 0.23125
1 0.64609375 0.09453125 0.20625 0.1703125
1 0.3328125 0.15390625 0.184375 0.1328125
0 0.76875 0.24453125 0.053125 0.084375