0 0.27421875 0.7015625 0.13125 0.121875
0 0.36953125 0.6796875 0.15 0.1
0 0.25546875 0.49140625 0.090625 0.071875
1 0.6859375 0.259375 0.24375 0.2359375
1 0.471875 0.30390625 0.25625 0.2171875
1 0.75703125 0.6671875 0.2796875 0.20625
1 0.84296875 0.459375 0.20625 0.2984375
1 0.6015625 0.5328125 0.1875 0.225
1 0.5203125 0.70390625 0.1203125 0.1671875
1 0.3734375 0.9046875 0.178125 0.184375
0 0.38515625 0.784375 0.071875 0.09375
0 0.46953125 0.5765625 0.1015625 0.05625
0 0.31953125 0.240625 0.0375 0.0328125
0 0.33984375 0.628125 0.090625 0.08125