0 0.28671875 0.41875 0.1234375 0.103125
0 0.95703125 0.21484375 0.084375 0.08125
0 0.4375 0.07109375 0.1015625 0.0609375
0 0.0421875 0.12890625 0.084375 0.0625
0 0.59296875 0.38671875 0.03125 0.06875
0 0.753125 0.38671875 0.03125 0.0875
0 0.421875 0.440625 0.08125 0.10625
0 0.4328125 0.2890625 0.053125 0.0515625
0 0.603125 0.10703125 0.0734375 0.0828125
1 0.33125 0.63671875 0.1453125 0.14375
1 0.93984375 0.540625 0.09375 0.1890625
1 0.746875 0.5484375 0.1 0.1609375
1 0.56171875 0.6421875 0.09375 0.10625
0 0.15078125 0.5328125 0.10625 0.115625
0 0.51484375 0.196875 0.03125 0.0375
1 0.95 0.340625 0.05 0.046875