1 0.184375 0.90390625 0.36875 0.1921875
1 0.14609375 0.709375 0.2921875 0.1796875
1 0.3734375 0.70078125 0.225 0.2015625
1 0.55703125 0.63515625 0.321875 0.15
1 0.71171875 0.85234375 0.35625 0.215625
1 0.8875 0.64609375 0.2125 0.1625
1 0.909375 0.509375 0.175 0.18125
1 0.73515625 0.565625 0.1875 0.096875
0 0.70859375 0.4625 0.06875 0.059375
0 0.49921875 0.353125 0.05625 0.04375
0 0.8078125 0.3515625 0.059375 0.040625
0 0.97421875 0.15390625 0.034375 0.0375
0 0.77890625 0.190625 0.05 0.040625
0 0.61171875 0.2640625 0.046875 0.0203125
0 0.71796875 0.1484375 0.053125 0.059375
0 0.909375 0.15859375 0.075 0.034375