0 0.2984375 0.27421875 0.1234375 0.13125
0 0.3203125 0.36953125 0.1 0.15
0 0.50859375 0.25546875 0.071875 0.090625
1 0.740625 0.6859375 0.2359375 0.24375
1 0.69609375 0.471875 0.2171875 0.25625
1 0.3328125 0.75703125 0.20625 0.2796875
1 0.540625 0.84296875 0.2984375 0.20625
1 0.4671875 0.6015625 0.225 0.1875
1 0.29609375 0.5203125 0.1671875 0.1203125
1 0.0953125 0.3734375 0.184375 0.1796875
0 0.215625 0.38515625 0.0953125 0.071875
0 0.4234375 0.46953125 0.05625 0.1015625
0 0.759375 0.31953125 0.0328125 0.0375
0 0.371875 0.33984375 0.08125 0.090625