1 0.83046875 0.6203125 0.3375 0.3203125
1 0.228125 0.94375 0.3609375 0.1125
1 0.37890625 0.52109375 0.45625 0.196875
1 0.1953125 0.39140625 0.159375 0.0796875
1 0.86015625 0.4640625 0.2796875 0.1203125
1 0.59609375 0.38984375 0.171875 0.0859375
1 0.2828125 0.34453125 0.078125 0.04375
1 0.5359375 0.82578125 0.309375 0.153125
1 0.88984375 0.853125 0.2203125 0.2796875
0 0.20546875 0.2984375 0.109375 0.059375
1 0.06953125 0.3375 0.128125 0.065625
0 0.65390625 0.21484375 0.084375 0.059375
1 0.121875 0.71484375 0.24375 0.2765625