1 0.05859375 0.671875 0.103125 0.1703125
1 0.07578125 0.46640625 0.1515625 0.24375
1 0.08125 0.3453125 0.1625 0.1328125
0 0.178125 0.834375 0.078125 0.065625
0 0.94609375 0.721875 0.0703125 0.096875
0 0.9484375 0.91484375 0.053125 0.08125
1 0.17578125 0.65625 0.190625 0.125
1 0.06640625 0.80390625 0.1328125 0.14375
1 0.29296875 0.52109375 0.165625 0.090625
0 0.2296875 0.27578125 0.096875 0.0515625
0 0.4890625 0.08671875 0.128125 0.046875
1 0.20078125 0.37578125 0.115625 0.065625
0 0.3796875 0.0953125 0.071875 0.046875