0 0.1859375 0.16875 0.09375 0.121875
0 0.17890625 0.26171875 0.053125 0.0828125
0 0.76171875 0.1625 0.046875 0.046875
1 0.1265625 0.8125 0.2359375 0.34375
1 0.1984375 0.53359375 0.275 0.259375
1 0.490625 0.54609375 0.2015625 0.2015625
1 0.37109375 0.3859375 0.203125 0.2875
1 0.9015625 0.5359375 0.196875 0.271875
1 0.7515625 0.453125 0.259375 0.2234375
1 0.9015625 0.30859375 0.196875 0.1515625
1 0.590625 0.26796875 0.1875 0.215625
1 0.05 0.31796875 0.1 0.284375
1 0.71484375 0.79609375 0.18125 0.20625
1 0.40625 0.890625 0.128125 0.1296875
1 0.74140625 0.63828125 0.190625 0.09375
1 0.93203125 0.77421875 0.1359375 0.1890625
0 0.4 0.19609375 0.071875 0.03125
0 0.240625 0.13046875 0.053125 0.05
0 0.15703125 0.1921875 0.06875 0.046875