0 0.2578125 0.65078125 0.1015625 0.121875
0 0.4921875 0.5625 0.090625 0.075
0 0.9109375 0.36796875 0.05625 0.0640625
0 0.5484375 0.5109375 0.0625 0.1015625
0 0.33359375 0.64375 0.084375 0.08125
1 0.07109375 0.88359375 0.1421875 0.2328125
1 0.19921875 0.9515625 0.278125 0.09375
1 0.4375 0.91875 0.2625 0.1515625
1 0.615625 0.8171875 0.1578125 0.225
1 0.76796875 0.9015625 0.28125 0.1828125
1 0.92421875 0.74375 0.1515625 0.2046875
1 0.7703125 0.6484375 0.1875 0.278125
1 0.934375 0.5484375 0.13125 0.146875
1 0.4515625 0.80390625 0.1140625 0.165625
1 0.2265625 0.85859375 0.115625 0.1203125