1 0.8703125 0.465625 0.1515625 0.1203125
1 0.115625 0.1203125 0.225 0.240625
1 0.090625 0.3921875 0.1671875 0.29375
1 0.20390625 0.43671875 0.14375 0.10625
1 0.30625 0.1484375 0.1671875 0.15625
1 0.825 0.12578125 0.071875 0.053125
1 0.51484375 0.06953125 0.1015625 0.090625
1 0.86015625 0.5671875 0.146875 0.1125
1 0.95546875 0.40859375 0.0890625 0.0890625
1 0.61015625 0.76171875 0.0484375 0.05625
1 0.71796875 0.728125 0.05625 0.05
0 0.64296875 0.68671875 0.05625 0.053125
0 0.57109375 0.66875 0.078125 0.0484375
0 0.80390625 0.7453125 0.0375 0.05
0 0.50625 0.6609375 0.046875 0.0328125
0 0.54609375 0.71640625 0.0375 0.0296875
1 0.88359375 0.19609375 0.09375 0.053125
1 0.15390625 0.5703125 0.071875 0.103125