1 0.94921875 0.6890625 0.0984375 0.259375
1 0.83203125 0.921875 0.2 0.15625
1 0.8296875 0.73984375 0.1140625 0.096875
1 0.24765625 0.871875 0.1421875 0.215625
1 0.39296875 0.65078125 0.1875 0.2625
1 0.44375 0.371875 0.184375 0.2296875
1 0.25 0.3265625 0.275 0.2453125
1 0.04609375 0.2109375 0.0921875 0.421875
1 0.2515625 0.22109375 0.165625 0.1359375
0 0.290625 0.07265625 0.0640625 0.078125
0 0.39375 0.1 0.0734375 0.090625
1 0.42265625 0.246875 0.1234375 0.128125
0 0.784375 0.57109375 0.028125 0.0328125
1 0.89609375 0.68984375 0.1171875 0.078125
1 0.54453125 0.765625 0.20625 0.3375