1 0.0578125 0.11015625 0.109375 0.2203125
1 0.92421875 0.278125 0.1515625 0.296875
1 0.5625 0.21875 0.184375 0.2515625
1 0.66953125 0.5375 0.0875 0.0640625
1 0.94765625 0.5921875 0.103125 0.2625
1 0.86328125 0.70625 0.09375 0.090625
1 0.0296875 0.35625 0.059375 0.16875
1 0.15390625 0.2203125 0.153125 0.09375
1 0.73828125 0.6375 0.0484375 0.0484375
0 0.9359375 0.80234375 0.0484375 0.05625
0 0.02890625 0.68359375 0.053125 0.09375
0 0.2359375 0.87265625 0.0375 0.025
0 0.871875 0.82734375 0.0328125 0.059375
0 0.93125 0.88984375 0.03125 0.034375
1 0.93984375 0.73359375 0.103125 0.0625
1 0.09609375 0.2984375 0.1125 0.0859375
0 0.1578125 0.37109375 0.090625 0.04375