0 0.80859375 0.871875 0.0796875 0.175
0 0.6984375 0.85703125 0.0859375 0.153125
0 0.028125 0.6140625 0.05625 0.13125
0 0.26328125 0.57734375 0.0703125 0.096875
0 0.06953125 0.51015625 0.04375 0.109375
1 0.47578125 0.43828125 0.165625 0.296875
1 0.8296875 0.240625 0.3375 0.471875
1 0.92578125 0.72265625 0.128125 0.446875
1 0.54609375 0.1421875 0.196875 0.253125
1 0.08671875 0.21875 0.171875 0.4203125
1 0.30625 0.1703125 0.20625 0.2140625
1 0.21171875 0.39453125 0.134375 0.14375
1 0.5875 0.6375 0.1859375 0.18125