1 0.87421875 0.80234375 0.2515625 0.3953125
1 0.6765625 0.83828125 0.303125 0.3234375
1 0.90078125 0.209375 0.1984375 0.41875
1 0.72265625 0.32578125 0.275 0.278125
1 0.61640625 0.434375 0.2125 0.25625
1 0.66328125 0.08515625 0.3375 0.1703125
0 0.41796875 0.8671875 0.1125 0.096875
0 0.2984375 0.88984375 0.121875 0.0828125
0 0.215625 0.91015625 0.1203125 0.103125
0 0.17734375 0.83828125 0.0875 0.0796875
0 0.12109375 0.9546875 0.10625 0.090625
0 0.3578125 0.61484375 0.0875 0.078125
0 0.3203125 0.75546875 0.078125 0.1
0 0.36953125 0.68046875 0.0984375 0.075
0 0.39609375 0.54375 0.1171875 0.071875