0 0.8703125 0.91640625 0.1046875 0.1609375
1 0.7328125 0.77421875 0.2515625 0.1375
0 0.72734375 0.6125 0.246875 0.4625
0 0.4875 0.37265625 0.0859375 0.071875
1 0.303125 0.05625 0.209375 0.1125
1 0.125 0.446875 0.2359375 0.221875
1 0.09765625 0.1765625 0.18125 0.353125
1 0.28984375 0.5359375 0.2859375 0.1796875
1 0.50078125 0.5578125 0.1703125 0.2375
1 0.353125 0.67890625 0.165625 0.14375
1 0.2125 0.97109375 0.30625 0.0578125
1 0.62109375 0.9359375 0.3171875 0.128125
1 0.303125 0.2125 0.128125 0.1703125