0 0.8484375 0.8671875 0.090625 0.1171875
0 0.44296875 0.62109375 0.13125 0.2375
1 0.625 0.92890625 0.30625 0.1125
1 0.95390625 0.871875 0.0921875 0.2484375
1 0.1421875 0.77421875 0.2765625 0.4515625
1 0.65390625 0.6359375 0.10625 0.103125
1 0.63359375 0.81640625 0.2390625 0.1359375
1 0.93828125 0.62109375 0.121875 0.2125
1 0.3625 0.85390625 0.0890625 0.1015625
1 0.07109375 0.2796875 0.1421875 0.2484375
1 0.24609375 0.33359375 0.146875 0.159375
1 0.83203125 0.07265625 0.084375 0.1
1 0.83984375 0.715625 0.1125 0.109375
0 0.9625 0.44453125 0.075 0.090625