0 0.7046875 0.65625 0.11875 0.084375
0 0.125 0.24296875 0.2171875 0.471875
1 0.93671875 0.34375 0.125 0.190625
1 0.39765625 0.178125 0.3015625 0.35625
1 0.73125 0.1953125 0.2203125 0.153125
1 0.6734375 0.36875 0.153125 0.2828125
1 0.534375 0.46015625 0.20625 0.153125
1 0.92890625 0.15 0.140625 0.3
0 0.42421875 0.6375 0.146875 0.1171875
0 0.46328125 0.79921875 0.190625 0.1125
0 0.47890625 0.8984375 0.11875 0.134375
0 0.31484375 0.5859375 0.125 0.1140625
0 0.225 0.71171875 0.0984375 0.096875
0 0.3078125 0.75078125 0.0671875 0.05625
0 0.26796875 0.36953125 0.0640625 0.059375