0 0.08671875 0.18828125 0.10625 0.06875
0 0.91015625 0.08046875 0.1796875 0.1609375
0 0.73828125 0.1703125 0.1171875 0.0828125
0 0.14609375 0.1171875 0.0609375 0.0421875
0 0.3578125 0.04296875 0.04375 0.071875
0 0.24609375 0.04296875 0.0296875 0.0265625
0 0.3265625 0.1625 0.084375 0.03125
0 0.159375 0.196875 0.028125 0.0234375
0 0.8359375 0.18671875 0.0640625 0.0359375
0 0.96484375 0.26796875 0.0640625 0.178125
0 0.86015625 0.4359375 0.05 0.05
0 0.1765625 0.2640625 0.0765625 0.0640625
0 0.890625 0.34296875 0.05 0.084375
0 0.7734375 0.2546875 0.071875 0.059375
0 0.271875 0.21015625 0.0515625 0.0375
1 0.0515625 0.1171875 0.0859375 0.040625
1 0.23359375 0.578125 0.0546875 0.121875
1 0.96796875 0.5765625 0.0578125 0.0859375
1 0.05859375 0.59296875 0.025 0.125