0 0.36171875 0.19140625 0.0875 0.046875
0 0.334375 0.26796875 0.0796875 0.071875
0 0.23671875 0.22734375 0.0359375 0.021875
0 0.16328125 0.234375 0.0328125 0.028125
0 0.1140625 0.29375 0.040625 0.0359375
1 0.496875 0.1953125 0.109375 0.0671875
1 0.27265625 0.54921875 0.096875 0.1296875
1 0.1625 0.57265625 0.10625 0.103125
1 0.03671875 0.63359375 0.071875 0.1953125
1 0.10390625 0.65625 0.1125 0.1109375
1 0.3421875 0.66484375 0.10625 0.1015625
1 0.3671875 0.50390625 0.159375 0.178125
1 0.40625 0.38125 0.1671875 0.1
1 0.59140625 0.35625 0.2375 0.159375
1 0.5875 0.22578125 0.1625 0.1140625
1 0.75078125 0.44296875 0.228125 0.15625
1 0.66640625 0.56015625 0.196875 0.1625
1 0.74453125 0.7125 0.2125 0.1796875
1 0.8734375 0.8328125 0.171875 0.2375
1 0.68046875 0.8796875 0.1984375 0.2203125
1 0.4390625 0.85 0.09375 0.0796875
1 0.9421875 0.1765625 0.109375 0.353125
1 0.85390625 0.61640625 0.209375 0.125
1 0.86171875 0.0734375 0.128125 0.1359375
1 0.8640625 0.2640625 0.1125 0.1171875