1 0.81015625 0.94609375 0.275 0.1078125
1 0.80546875 0.728125 0.196875 0.1640625
1 0.73984375 0.87578125 0.1921875 0.246875
1 0.68671875 0.65 0.2296875 0.175
1 0.64375 0.54296875 0.121875 0.1375
1 0.59296875 0.34609375 0.125 0.1625
1 0.49765625 0.15703125 0.084375 0.109375
1 0.47578125 0.040625 0.178125 0.08125
1 0.57578125 0.95078125 0.246875 0.0984375
1 0.57890625 0.7953125 0.109375 0.171875
1 0.5734375 0.47109375 0.0671875 0.1140625
0 0.29375 0.015625 0.115625 0.03125
0 0.47890625 0.375 0.075 0.046875
0 0.4703125 0.48125 0.04375 0.1171875
0 0.1375 0.63203125 0.1015625 0.0875
0 0.2703125 0.790625 0.046875 0.04375
0 0.22421875 0.7421875 0.034375 0.071875
0 0.12890625 0.59296875 0.071875 0.053125
0 0.2 0.12265625 0.034375 0.05625
1 0.35859375 0.36328125 0.1 0.121875
1 0.365625 0.6671875 0.15625 0.159375
1 0.30859375 0.24765625 0.0828125 0.146875
1 0.225 0.553125 0.103125 0.078125
1 0.32421875 0.95390625 0.1171875 0.090625
1 0.1390625 0.7734375 0.08125 0.153125
0 0.3734375 0.88125 0.0625 0.03125