0 0.50859375 0.5796875 0.040625 0.121875
0 0.57265625 0.6046875 0.025 0.10625
0 0.94453125 0.8390625 0.0859375 0.059375
0 0.10390625 0.89453125 0.046875 0.1375
1 0.14921875 0.3390625 0.1625 0.171875
1 0.13359375 0.44609375 0.178125 0.09375
1 0.49921875 0.40390625 0.04375 0.1796875
1 0.871875 0.521875 0.1015625 0.19375
1 0.74375 0.6859375 0.0671875 0.10625
1 0.8203125 0.6703125 0.0515625 0.0859375
1 0.796875 0.19921875 0.053125 0.15
1 0.1265625 0.2 0.0671875 0.178125
0 0.8140625 0.74921875 0.03125 0.04375