0 0.57734375 0.24921875 0.034375 0.0734375
0 0.76640625 0.77421875 0.046875 0.059375
0 0.56640625 0.98203125 0.0375 0.034375
0 0.57109375 0.334375 0.05625 0.0546875
0 0.653125 0.31953125 0.034375 0.0578125
0 0.73515625 0.58828125 0.028125 0.0625
0 0.73984375 0.09765625 0.0515625 0.065625
0 0.73984375 0.02421875 0.05625 0.0484375
0 0.64296875 0.88203125 0.0453125 0.0609375
0 0.62890625 0.66796875 0.0375 0.05
0 0.50703125 0.63203125 0.0359375 0.0421875
0 0.64140625 0.1734375 0.025 0.0609375
0 0.83359375 0.9546875 0.0484375 0.0546875
1 0.34375 0.840625 0.3171875 0.175
1 0.290625 0.54296875 0.30625 0.165625
1 0.32421875 0.1765625 0.3453125 0.3078125
1 0.42109375 0.6859375 0.09375 0.0625
1 0.440625 0.3921875 0.1078125 0.0640625
1 0.5515625 0.76640625 0.075 0.0796875
0 0.88125 0.13828125 0.0625 0.05625
0 0.80078125 0.57734375 0.05 0.040625