0 0.9171875 0.48984375 0.1125 0.234375
1 0.90703125 0.63984375 0.1796875 0.140625
0 0.55 0.2703125 0.13125 0.078125
0 0.15625 0.41640625 0.2125 0.0734375
0 0.028125 0.4640625 0.05625 0.16875
1 0.03203125 0.63203125 0.0640625 0.1984375
1 0.1859375 0.54140625 0.0796875 0.2
1 0.56328125 0.4578125 0.0640625 0.14375
1 0.353125 0.484375 0.059375 0.153125
1 0.80546875 0.059375 0.14375 0.1125
1 0.334375 0.05 0.1796875 0.1
1 0.50390625 0.7109375 0.0859375 0.1640625
1 0.3734375 0.91328125 0.1359375 0.1625