1 0.05078125 0.3109375 0.0984375 0.259375
1 0.16796875 0.078125 0.2 0.15625
1 0.1703125 0.26015625 0.1140625 0.096875
1 0.75234375 0.128125 0.140625 0.215625
1 0.60703125 0.34921875 0.1875 0.2625
1 0.55625 0.628125 0.184375 0.2296875
1 0.75 0.6734375 0.275 0.24375
1 0.95390625 0.7890625 0.090625 0.421875
1 0.7484375 0.77890625 0.165625 0.1359375
0 0.709375 0.92734375 0.0640625 0.078125
0 0.60625 0.9 0.071875 0.090625
1 0.57734375 0.753125 0.121875 0.128125
0 0.215625 0.42890625 0.028125 0.0328125
1 0.10390625 0.31015625 0.1171875 0.078125
1 0.45546875 0.234375 0.20625 0.3375