1 0.90390625 0.815625 0.1921875 0.36875
1 0.709375 0.85390625 0.178125 0.290625
1 0.70078125 0.6265625 0.2015625 0.225
1 0.63515625 0.44296875 0.15 0.321875
1 0.85234375 0.28828125 0.215625 0.35625
1 0.64609375 0.1125 0.1625 0.2125
1 0.509375 0.090625 0.18125 0.175
1 0.565625 0.26484375 0.096875 0.1875
0 0.4625 0.29140625 0.059375 0.06875
0 0.353125 0.50078125 0.04375 0.05625
0 0.3515625 0.1921875 0.040625 0.059375
0 0.15390625 0.02578125 0.0375 0.034375
0 0.190625 0.22109375 0.040625 0.05
0 0.2640625 0.38828125 0.0203125 0.046875
0 0.1484375 0.28203125 0.059375 0.053125
0 0.15859375 0.090625 0.034375 0.075