0 0.84765625 0.22265625 0.0671875 0.071875
0 0.659375 0.53359375 0.0640625 0.025
0 0.71328125 0.51171875 0.04375 0.021875
0 0.8453125 0.28828125 0.046875 0.071875
1 0.2296875 0.775 0.1515625 0.184375
1 0.13984375 0.64140625 0.2796875 0.1796875
1 0.1078125 0.2875 0.2015625 0.265625
1 0.3859375 0.3359375 0.1625 0.1625
1 0.60234375 0.25625 0.28125 0.1015625
1 0.6890625 0.2765625 0.121875 0.20625
1 0.49140625 0.68984375 0.134375 0.103125
1 0.59296875 0.59921875 0.09375 0.078125
1 0.1265625 0.9265625 0.253125 0.1328125
1 0.6875 0.0359375 0.21875 0.071875