0 0.128125 0.80859375 0.175 0.0796875
0 0.14296875 0.6984375 0.153125 0.0859375
0 0.3859375 0.028125 0.13125 0.05625
0 0.42265625 0.26328125 0.096875 0.0703125
0 0.48984375 0.06953125 0.109375 0.04375
1 0.56171875 0.47578125 0.296875 0.165625
1 0.759375 0.8296875 0.471875 0.3375
1 0.27734375 0.92578125 0.446875 0.1296875
1 0.8578125 0.54609375 0.253125 0.196875
1 0.78125 0.08671875 0.4203125 0.171875
1 0.8296875 0.30625 0.2140625 0.20625
1 0.60546875 0.21171875 0.14375 0.134375
1 0.3625 0.5875 0.18125 0.1859375