0 0.1515625 0.1328125 0.090625 0.1171875
0 0.55703125 0.37890625 0.13125 0.2375
1 0.375 0.07109375 0.30625 0.1125
1 0.04609375 0.128125 0.0921875 0.246875
1 0.8578125 0.22578125 0.275 0.4515625
1 0.34609375 0.3640625 0.10625 0.103125
1 0.36640625 0.18359375 0.2375 0.1359375
1 0.06171875 0.37890625 0.121875 0.2125
1 0.6375 0.14609375 0.0875 0.1015625
1 0.92890625 0.7203125 0.140625 0.2484375
1 0.75390625 0.66640625 0.146875 0.159375
1 0.16796875 0.92734375 0.084375 0.1
1 0.16015625 0.284375 0.1125 0.109375
0 0.0375 0.55546875 0.075 0.090625