0 0.50859375 0.4203125 0.040625 0.121875
0 0.57265625 0.3953125 0.025 0.10625
0 0.94453125 0.1609375 0.0859375 0.059375
0 0.10390625 0.10546875 0.046875 0.1375
1 0.14921875 0.6609375 0.1625 0.1734375
1 0.13359375 0.55390625 0.178125 0.0953125
1 0.49921875 0.59609375 0.04375 0.1796875
1 0.871875 0.478125 0.1015625 0.19375
1 0.74375 0.3140625 0.0671875 0.10625
1 0.8203125 0.3296875 0.0515625 0.0859375
1 0.796875 0.80078125 0.053125 0.15
1 0.1265625 0.8 0.0671875 0.178125
0 0.8140625 0.25078125 0.03125 0.04375