1 0.94921875 0.3109375 0.0984375 0.259375
1 0.83203125 0.078125 0.2 0.15625
1 0.8296875 0.26015625 0.1140625 0.096875
1 0.24765625 0.128125 0.140625 0.215625
1 0.39296875 0.34921875 0.1875 0.2625
1 0.44375 0.628125 0.184375 0.2296875
1 0.25 0.6734375 0.275 0.24375
1 0.04609375 0.7890625 0.090625 0.421875
1 0.2515625 0.77890625 0.165625 0.1359375
0 0.290625 0.92734375 0.0640625 0.078125
0 0.39375 0.9 0.071875 0.090625
1 0.42265625 0.753125 0.121875 0.128125
0 0.784375 0.42890625 0.028125 0.0328125
1 0.89609375 0.31015625 0.1171875 0.078125
1 0.54453125 0.234375 0.20625 0.3375