1 0.57421875 0.91015625 0.2265625 0.1796875
1 0.6609375 0.48359375 0.20625 0.309375
1 0.87578125 0.190625 0.24375 0.2625
1 0.40625 0.03828125 0.2125 0.075
1 0.68828125 0.77578125 0.225 0.175
1 0.81875 0.90546875 0.340625 0.1890625
1 0.86796875 0.43828125 0.2640625 0.203125
1 0.76953125 0.0609375 0.45 0.115625
0 0.26640625 0.22578125 0.109375 0.0875
0 0.13671875 0.0296875 0.153125 0.0515625
0 0.40546875 0.66796875 0.065625 0.075
0 0.2921875 0.725 0.0671875 0.05625
0 0.1875 0.2328125 0.0484375 0.0484375
0 0.17890625 0.98984375 0.125 0.0203125
1 0.40859375 0.953125 0.2140625 0.09375