0 0.56875 0.77890625 0.1765625 0.13125
0 0.25390625 0.24921875 0.128125 0.09375
0 0.25546875 0.53203125 0.125 0.075
1 0.428125 0.765625 0.121875 0.19375
1 0.47578125 0.63828125 0.2375 0.1234375
1 0.85390625 0.39375 0.165625 0.215625
1 0.6125 0.49921875 0.1828125 0.31875
1 0.571875 0.190625 0.125 0.196875
1 0.33515625 0.13046875 0.103125 0.1359375
1 0.81953125 0.6609375 0.24375 0.2765625
1 0.865625 0.97421875 0.1125 0.0515625
1 0.72265625 0.95546875 0.0609375 0.0890625
1 0.39296875 0.42890625 0.075 0.140625