0 0.165625 0.24140625 0.06875 0.0984375
1 0.053125 0.22578125 0.10625 0.1390625
0 0.678125 0.5328125 0.0453125 0.046875
1 0.2171875 0.5390625 0.146875 0.15
1 0.08828125 0.48359375 0.1625 0.3328125
0 0.95859375 0.54453125 0.053125 0.06875
0 0.2265625 0.39453125 0.0671875 0.165625
0 0.31953125 0.51640625 0.0875 0.1625
0 0.59375 0.52265625 0.05625 0.0578125
1 0.62734375 0.646875 0.159375 0.1875
0 0.0625 0.140625 0.0734375 0.04375
1 0.4125 0.66484375 0.1703125 0.14375
1 0.89765625 0.62734375 0.078125 0.0859375