1 0.05703125 0.29453125 0.1140625 0.1171875
1 0.04609375 0.14609375 0.0921875 0.075
1 0.9265625 0.403125 0.14375 0.0484375
1 0.90546875 0.6578125 0.1890625 0.115625
1 0.81015625 0.9640625 0.225 0.071875
1 0.6203125 0.95 0.1859375 0.1
1 0.534375 0.8875 0.16875 0.10625
1 0.80390625 0.67109375 0.078125 0.040625
1 0.79609375 0.36640625 0.096875 0.025
1 0.84296875 0.24609375 0.128125 0.04375
1 0.76484375 0.30859375 0.115625 0.0515625
1 0.89375 0.1625 0.125 0.0203125
1 0.915625 0.73828125 0.16875 0.0609375
1 0.2125 0.32734375 0.171875 0.0828125
1 0.05390625 0.88203125 0.0875 0.0640625
1 0.84140625 0.47890625 0.090625 0.028125
1 0.39453125 0.08515625 0.078125 0.075
1 0.22109375 0.475 0.0796875 0.0625
0 0.71796875 0.215625 0.0671875 0.046875
0 0.65390625 0.47265625 0.034375 0.028125