1 0.89765625 0.54609375 0.203125 0.396875
1 0.88046875 0.85390625 0.2390625 0.2921875
1 0.71484375 0.89375 0.21875 0.190625
1 0.71171875 0.7703125 0.159375 0.10625
0 0.51171875 0.61640625 0.134375 0.109375
0 0.4328125 0.5125 0.171875 0.15625
0 0.375 0.36328125 0.1625 0.1640625
0 0.24296875 0.48046875 0.1625 0.1640625
0 0.24765625 0.35625 0.128125 0.0984375
0 0.503125 0.421875 0.125 0.0875
1 0.6375 0.45703125 0.115625 0.13125
1 0.58046875 0.128125 0.184375 0.15625
1 0.50078125 0.08203125 0.190625 0.159375
1 0.29140625 0.7328125 0.1171875 0.10625
1 0.53515625 0.8375 0.15 0.10625