0 0.23671875 0.3953125 0.0875 0.1703125
1 0.234375 0.5734375 0.05625 0.159375
1 0.05078125 0.9328125 0.0984375 0.128125
1 0.19375 0.94765625 0.2125 0.103125
1 0.80625 0.9421875 0.24375 0.115625
1 0.73828125 0.6515625 0.046875 0.271875
1 0.3859375 0.971875 0.1234375 0.053125
0 0.45703125 0.6203125 0.0828125 0.13125
1 0.57578125 0.85390625 0.075 0.15625
0 0.45 0.75546875 0.0375 0.178125
0 0.77890625 0.1125 0.0890625 0.153125
0 0.14296875 0.1171875 0.06875 0.140625
0 0.3890625 0.61875 0.0640625 0.23125
1 0.36796875 0.85390625 0.09375 0.121875
1 0.4984375 0.93359375 0.090625 0.1328125
1 0.26484375 0.8015625 0.08125 0.2171875