1 0.7890625 0.06171875 0.1875 0.1234375
1 0.9328125 0.16875 0.134375 0.2828125
1 0.77109375 0.1734375 0.2484375 0.15625
1 0.5 0.08203125 0.175 0.1640625
1 0.93515625 0.39140625 0.1296875 0.203125
1 0.21328125 0.08125 0.284375 0.1625
1 0.0984375 0.30390625 0.1625 0.25625
1 0.0453125 0.5328125 0.0671875 0.153125
0 0.7953125 0.46171875 0.04375 0.046875
0 0.72734375 0.403125 0.04375 0.046875
0 0.23515625 0.35703125 0.04375 0.021875
0 0.78984375 0.653125 0.071875 0.1125
0 0.15234375 0.57421875 0.040625 0.059375
0 0.5375 0.6625 0.025 0.0328125
0 0.46171875 0.65625 0.034375 0.0375
1 0.7625 0.29921875 0.1625 0.15625
0 0.13125 0.70703125 0.0375 0.0828125