0 0.178125 0.978125 0.275 0.04375
0 0.33515625 0.86484375 0.146875 0.140625
0 0.27421875 0.746875 0.178125 0.1203125
0 0.50390625 0.53359375 0.140625 0.1296875
0 0.68203125 0.71484375 0.159375 0.121875
0 0.49609375 0.815625 0.165625 0.146875
0 0.54609375 0.9671875 0.25625 0.0609375
0 0.3015625 0.2265625 0.134375 0.103125
0 0.4640625 0.146875 0.140625 0.09375
0 0.1265625 0.0984375 0.15625 0.146875
0 0.04609375 0.553125 0.090625 0.1578125
0 0.52265625 0.6265625 0.1 0.121875
0 0.60390625 0.82265625 0.096875 0.1140625
0 0.8859375 0.90078125 0.06875 0.053125
1 0.37265625 0.415625 0.134375 0.153125