1 0.78515625 0.75390625 0.1375 0.153125
1 0.8046875 0.5859375 0.153125 0.2
1 0.92578125 0.52421875 0.146875 0.1125
1 0.934375 0.92890625 0.13125 0.10625
1 0.81328125 0.9046875 0.125 0.190625
1 0.81015625 0.4265625 0.140625 0.196875
1 0.94609375 0.27421875 0.1078125 0.15625
1 0.79453125 0.225 0.0828125 0.109375
1 0.94765625 0.1265625 0.103125 0.1875
1 0.928125 0.6734375 0.14375 0.096875
1 0.95 0.8359375 0.1 0.0890625
1 0.3203125 0.9546875 0.1515625 0.090625
1 0.3625 0.80703125 0.15 0.0859375
1 0.7171875 0.13046875 0.1140625 0.078125
1 0.87421875 0.0578125 0.24375 0.115625
0 0.36015625 0.2046875 0.103125 0.1015625
0 0.47734375 0.27890625 0.134375 0.109375
0 0.5953125 0.62109375 0.203125 0.0875
0 0.45 0.75 0.103125 0.0625
0 0.56640625 0.84609375 0.0640625 0.08125
0 0.3859375 0.6265625 0.1140625 0.15625
0 0.5421875 0.36171875 0.090625 0.06875
0 0.6875 0.26875 0.109375 0.046875