0 0.434375 0.94453125 0.034375 0.053125
0 0.4671875 0.89921875 0.0375 0.05625
0 0.48984375 0.85625 0.0375 0.059375
0 0.5484375 0.77734375 0.04375 0.0875
0 0.05078125 0.53046875 0.0453125 0.059375
0 0.02109375 0.6234375 0.040625 0.059375
1 0.3046875 0.39609375 0.1328125 0.2625
1 0.7375 0.75 0.128125 0.1828125
1 0.90546875 0.4765625 0.1875 0.2359375
1 0.76484375 0.18125 0.1671875 0.15625
1 0.475 0.37265625 0.1359375 0.159375
1 0.5 0.08984375 0.0859375 0.065625
1 0.36953125 0.2203125 0.115625 0.121875
1 0.121875 0.64296875 0.1296875 0.171875
1 0.22265625 0.46640625 0.134375 0.1625
1 0.6125 0.8796875 0.1296875 0.140625
0 0.10234375 0.39140625 0.025 0.0515625
0 0.49921875 0.01171875 0.059375 0.021875
0 0.66484375 0.52734375 0.0296875 0.05625
0 0.4234375 0.984375 0.0328125 0.03125
0 0.03203125 0.5796875 0.028125 0.0375
0 0.0625 0.47890625 0.03125 0.040625
1 0.56171875 0.28828125 0.0796875 0.1
1 0.4875 0.6125 0.1203125 0.103125
1 0.540625 0.190625 0.0875 0.125