1 0.465625 0.1296875 0.1203125 0.1515625
1 0.1203125 0.884375 0.240625 0.225
1 0.3921875 0.909375 0.29375 0.1671875
1 0.43671875 0.79609375 0.1078125 0.14375
1 0.1484375 0.69375 0.1578125 0.1671875
1 0.12578125 0.175 0.053125 0.0734375
1 0.06953125 0.48515625 0.090625 0.1015625
1 0.5671875 0.13984375 0.1125 0.146875
1 0.40859375 0.04453125 0.0890625 0.0890625
1 0.76171875 0.38984375 0.05625 0.0484375
1 0.728125 0.28203125 0.05 0.05625
0 0.68671875 0.35703125 0.053125 0.05625
0 0.66875 0.42890625 0.0484375 0.078125
0 0.7453125 0.19609375 0.05 0.0375
0 0.6609375 0.49375 0.0328125 0.046875
0 0.71640625 0.45390625 0.0296875 0.0375
1 0.19609375 0.11640625 0.053125 0.09375
1 0.5703125 0.84609375 0.103125 0.071875