1 0.49375 0.57890625 0.2375 0.15625
1 0.39609375 0.50078125 0.1625 0.2125
1 0.39609375 0.65 0.1625 0.134375
1 0.2921875 0.5 0.146875 0.134375
0 0.11640625 0.5359375 0.096875 0.0484375
0 0.11171875 0.378125 0.1375 0.053125
1 0.69609375 0.68359375 0.1375 0.128125
0 0.1703125 0.7328125 0.075 0.0609375
0 0.1125 0.65 0.075 0.06875
0 0.0359375 0.1546875 0.071875 0.0359375
0 0.1390625 0.32109375 0.103125 0.0296875
0 0.2109375 0.3703125 0.125 0.03125
1 0.209375 0.4734375 0.0671875 0.1015625
0 0.1078125 0.46015625 0.090625 0.0375