0 0.8140625 0.721875 0.346875 0.1140625
0 0.9140625 0.9359375 0.171875 0.1203125
0 0.90078125 0.57890625 0.1984375 0.1296875
0 0.9234375 0.40703125 0.153125 0.1046875
0 0.9234375 0.28125 0.1484375 0.09375
0 0.896875 0.02265625 0.20625 0.04375
1 0.4328125 0.43359375 0.26875 0.2484375
1 0.171875 0.484375 0.1515625 0.146875
1 0.63046875 0.45390625 0.0421875 0.1875
1 0.41171875 0.04609375 0.265625 0.028125
1 0.515625 0.90625 0.2609375 0.0390625
1 0.51875 0.253125 0.184375 0.059375
0 0.91328125 0.83515625 0.128125 0.05625