1 0.50625 0.42109375 0.2375 0.15625
1 0.60390625 0.49921875 0.1625 0.2125
1 0.60390625 0.35 0.1625 0.134375
1 0.7078125 0.5 0.146875 0.134375
0 0.88359375 0.4640625 0.096875 0.0484375
0 0.88828125 0.621875 0.1375 0.053125
1 0.30390625 0.31640625 0.1375 0.128125
0 0.8296875 0.2671875 0.075 0.059375
0 0.8875 0.35 0.075 0.06875
0 0.9640625 0.8453125 0.071875 0.0359375
0 0.8609375 0.67890625 0.103125 0.0296875
0 0.7890625 0.6296875 0.125 0.03125
1 0.790625 0.5265625 0.0671875 0.1015625
0 0.8921875 0.53984375 0.090625 0.0375