0 0.021875 0.178125 0.04375 0.275
0 0.13515625 0.33515625 0.140625 0.146875
0 0.253125 0.27421875 0.1203125 0.178125
0 0.46640625 0.50390625 0.1296875 0.140625
0 0.28515625 0.68203125 0.121875 0.159375
0 0.184375 0.49609375 0.146875 0.165625
0 0.0328125 0.54609375 0.059375 0.25625
0 0.7734375 0.3015625 0.103125 0.134375
0 0.853125 0.4640625 0.09375 0.140625
0 0.9015625 0.1265625 0.146875 0.15625
0 0.446875 0.04609375 0.15625 0.090625
0 0.3734375 0.52265625 0.121875 0.1
0 0.17734375 0.60390625 0.1140625 0.096875
0 0.09921875 0.8859375 0.053125 0.06875
1 0.584375 0.37265625 0.153125 0.134375