0 0.62421875 0.73671875 0.0375 0.0546875
0 0.625 0.82109375 0.0375 0.0546875
0 0.67890625 0.653125 0.04375 0.0625
0 0.734375 0.23828125 0.0515625 0.0625
0 0.85703125 0.66796875 0.03125 0.0234375
0 0.93828125 0.43515625 0.021875 0.01875
1 0.35234375 0.66171875 0.225 0.3125
1 0.45546875 0.16875 0.31875 0.13125
1 0.36171875 0.3734375 0.165625 0.109375
1 0.45625 0.925 0.175 0.103125
1 0.146875 0.240625 0.1953125 0.1734375
1 0.14375 0.490625 0.15 0.09375
1 0.13046875 0.6640625 0.1484375 0.14375
1 0.1671875 0.90546875 0.178125 0.13125
1 0.51328125 0.07265625 0.1765625 0.059375
1 0.70703125 0.1015625 0.0546875 0.10625
1 0.546875 0.5296875 0.0921875 0.1625
1 0.5453125 0.740625 0.05 0.078125