1 0.19765625 0.12578125 0.3953125 0.2515625
1 0.16171875 0.3234375 0.3234375 0.303125
1 0.790625 0.09921875 0.41875 0.1984375
1 0.67421875 0.27734375 0.278125 0.275
1 0.565625 0.38359375 0.25625 0.2125
1 0.91484375 0.33671875 0.1703125 0.3375
0 0.1328125 0.58203125 0.096875 0.1125
0 0.11015625 0.7015625 0.0828125 0.121875
0 0.08984375 0.784375 0.103125 0.1203125
0 0.16171875 0.82265625 0.0796875 0.0875
0 0.0453125 0.87890625 0.090625 0.10625
0 0.38515625 0.6421875 0.078125 0.0875
0 0.24453125 0.6796875 0.1 0.078125
0 0.31953125 0.63046875 0.075 0.0984375
0 0.45625 0.60390625 0.071875 0.1171875