0 0.94453125 0.565625 0.053125 0.034375
0 0.89921875 0.5328125 0.05625 0.0375
0 0.85625 0.51015625 0.059375 0.0375
0 0.77734375 0.4515625 0.0875 0.04375
0 0.53046875 0.94921875 0.059375 0.0453125
0 0.6234375 0.97890625 0.059375 0.040625
1 0.39609375 0.6953125 0.2625 0.1328125
1 0.75 0.2625 0.1828125 0.128125
1 0.4765625 0.09453125 0.2359375 0.1875
1 0.18125 0.23515625 0.15625 0.1671875
1 0.37265625 0.525 0.159375 0.1359375
1 0.08984375 0.5 0.065625 0.0859375
1 0.2203125 0.63046875 0.121875 0.115625
1 0.64296875 0.878125 0.171875 0.1296875
1 0.46640625 0.77734375 0.1625 0.134375
1 0.8796875 0.3875 0.140625 0.1296875
0 0.39140625 0.89765625 0.0515625 0.025
0 0.01171875 0.50078125 0.021875 0.059375
0 0.52734375 0.33515625 0.05625 0.0296875
0 0.984375 0.5765625 0.03125 0.0328125
0 0.5796875 0.96796875 0.0375 0.028125
0 0.47890625 0.9375 0.040625 0.03125
1 0.28828125 0.43828125 0.1 0.0796875
1 0.6125 0.5125 0.103125 0.1203125
1 0.190625 0.459375 0.125 0.0875