1 0.18828125 0.9328125 0.3171875 0.134375
1 0.83515625 0.890625 0.3296875 0.2109375
1 0.87109375 0.65 0.246875 0.36875
1 0.85390625 0.2015625 0.2828125 0.275
1 0.603125 0.07578125 0.196875 0.1515625
0 0.57265625 0.39609375 0.10625 0.06875
0 0.49765625 0.67109375 0.0984375 0.065625
0 0.41640625 0.8671875 0.053125 0.059375
0 0.4875 0.440625 0.05625 0.040625
1 0.93984375 0.40390625 0.1 0.1671875
1 0.57890625 0.56171875 0.146875 0.1375
1 0.615625 0.7203125 0.1203125 0.0859375
1 0.5546875 0.89296875 0.1296875 0.2