0 0.1859375 0.278125 0.346875 0.1125
0 0.0859375 0.0640625 0.171875 0.1203125
0 0.09921875 0.42109375 0.1984375 0.1296875
0 0.0765625 0.59296875 0.153125 0.1046875
0 0.0765625 0.71875 0.1484375 0.0953125
0 0.103125 0.97734375 0.20625 0.0453125
1 0.5671875 0.56640625 0.26875 0.2484375
1 0.828125 0.515625 0.1515625 0.146875
1 0.36953125 0.54609375 0.0421875 0.1875
1 0.58828125 0.95390625 0.265625 0.0296875
1 0.484375 0.09375 0.2609375 0.0390625
1 0.48125 0.746875 0.184375 0.059375
0 0.08671875 0.16484375 0.128125 0.05625