1 0.24609375 0.21484375 0.153125 0.1375
1 0.4140625 0.1953125 0.2 0.153125
1 0.47578125 0.07421875 0.1125 0.146875
1 0.07109375 0.065625 0.10625 0.13125
1 0.0953125 0.18671875 0.190625 0.125
1 0.5734375 0.18984375 0.196875 0.140625
1 0.72578125 0.05390625 0.15625 0.1078125
1 0.775 0.20546875 0.109375 0.0828125
1 0.8734375 0.05234375 0.1875 0.1046875
1 0.3265625 0.071875 0.096875 0.14375
1 0.1640625 0.05 0.0890625 0.1
1 0.0453125 0.6796875 0.090625 0.1515625
1 0.19296875 0.6375 0.0859375 0.15
1 0.86953125 0.2828125 0.078125 0.1140625
1 0.9421875 0.12578125 0.115625 0.24375
0 0.7953125 0.63984375 0.1015625 0.103125
0 0.72109375 0.52265625 0.109375 0.134375
0 0.37890625 0.4046875 0.0890625 0.203125
0 0.25 0.55 0.0625 0.103125
0 0.15390625 0.43359375 0.08125 0.0640625
0 0.3734375 0.6140625 0.15625 0.1140625
0 0.63828125 0.4578125 0.06875 0.090625
0 0.73125 0.3125 0.046875 0.109375