1 0.30390625 0.86640625 0.5046875 0.25
1 0.86953125 0.76171875 0.2609375 0.4609375
1 0.6703125 0.68203125 0.2828125 0.478125
1 0.47578125 0.721875 0.175 0.20625
1 0.89453125 0.34609375 0.2109375 0.4296875
1 0.7109375 0.184375 0.046875 0.128125
1 0.53828125 0.2421875 0.0484375 0.0875
1 0.33046875 0.7125 0.1015625 0.18125
1 0.1625 0.7453125 0.078125 0.125
1 0.5671875 0.4390625 0.078125 0.10625
0 0.44609375 0.13046875 0.0625 0.05625
0 0.2265625 0.5890625 0.05 0.046875
0 0.38046875 0.26640625 0.0765625 0.11875
0 0.5421875 0.1046875 0.071875 0.05625
0 0.6078125 0.06640625 0.08125 0.078125
0 0.25859375 0.4890625 0.1 0.0703125
0 0.25078125 0.62890625 0.059375 0.0703125