0 0.19140625 0.128125 0.0796875 0.175
0 0.3015625 0.14296875 0.0859375 0.153125
0 0.971875 0.3859375 0.05625 0.13125
0 0.73671875 0.42265625 0.0703125 0.096875
0 0.93046875 0.48984375 0.04375 0.109375
1 0.52421875 0.56171875 0.165625 0.296875
1 0.1703125 0.759375 0.3375 0.471875
1 0.07421875 0.27734375 0.1296875 0.446875
1 0.45390625 0.8578125 0.196875 0.253125
1 0.91328125 0.78125 0.171875 0.4203125
1 0.69375 0.8296875 0.2078125 0.2140625
1 0.78828125 0.60546875 0.134375 0.14375
1 0.4125 0.3625 0.1859375 0.18125