0 0.05546875 0.434375 0.053125 0.034375
0 0.10078125 0.4671875 0.05625 0.0375
0 0.14375 0.48984375 0.059375 0.0375
0 0.22265625 0.5484375 0.0875 0.04375
0 0.46953125 0.05078125 0.059375 0.04375
0 0.3765625 0.02109375 0.059375 0.040625
1 0.60390625 0.3046875 0.2625 0.1328125
1 0.25 0.7375 0.1828125 0.1296875
1 0.5234375 0.90546875 0.2359375 0.1875
1 0.81875 0.76484375 0.15625 0.1671875
1 0.62734375 0.475 0.159375 0.1359375
1 0.91015625 0.5 0.065625 0.0859375
1 0.7796875 0.36953125 0.121875 0.115625
1 0.35703125 0.121875 0.171875 0.1296875
1 0.53359375 0.22265625 0.1625 0.134375
1 0.1203125 0.6125 0.140625 0.1296875
0 0.60859375 0.10234375 0.0515625 0.025
0 0.98828125 0.49921875 0.021875 0.059375
0 0.47265625 0.66484375 0.05625 0.0296875
0 0.015625 0.4234375 0.03125 0.0328125
0 0.4203125 0.03203125 0.0375 0.028125
0 0.52109375 0.0625 0.040625 0.03125
1 0.71171875 0.56171875 0.1 0.0796875
1 0.3875 0.4875 0.103125 0.1203125
1 0.809375 0.540625 0.125 0.0875