1 0.08984375 0.57421875 0.1796875 0.2265625
1 0.51640625 0.6609375 0.309375 0.20625
1 0.809375 0.87578125 0.2625 0.24375
1 0.96171875 0.40625 0.075 0.2125
1 0.22421875 0.68828125 0.175 0.225
1 0.09453125 0.81875 0.1890625 0.340625
1 0.56171875 0.86796875 0.2046875 0.2640625
1 0.9390625 0.76953125 0.115625 0.45
0 0.77421875 0.26640625 0.0875 0.109375
0 0.9703125 0.13671875 0.0515625 0.153125
0 0.33203125 0.40546875 0.075 0.065625
0 0.275 0.2921875 0.05625 0.0671875
0 0.7671875 0.1875 0.0484375 0.0484375
0 0.01015625 0.17890625 0.0203125 0.125
1 0.046875 0.40859375 0.09375 0.2140625