0 0.76328125 0.6046875 0.0875 0.1703125
1 0.765625 0.4265625 0.05625 0.159375
1 0.94921875 0.0671875 0.0984375 0.128125
1 0.80625 0.05234375 0.2125 0.103125
1 0.19375 0.0578125 0.24375 0.115625
1 0.26171875 0.3484375 0.046875 0.271875
1 0.6140625 0.028125 0.121875 0.053125
0 0.54296875 0.3796875 0.0828125 0.13125
1 0.42421875 0.14609375 0.075 0.15625
0 0.55 0.24453125 0.0375 0.178125
0 0.22109375 0.8875 0.0875 0.153125
0 0.85703125 0.8828125 0.06875 0.140625
0 0.6109375 0.38125 0.0640625 0.23125
1 0.63203125 0.14609375 0.09375 0.121875
1 0.5015625 0.06640625 0.090625 0.1328125
1 0.73515625 0.1984375 0.08125 0.2171875