0 0.80859375 0.63828125 0.046875 0.0875
0 0.73203125 0.665625 0.071875 0.0796875
0 0.77265625 0.76328125 0.021875 0.0359375
0 0.765625 0.83671875 0.028125 0.0328125
0 0.70625 0.8859375 0.0359375 0.040625
1 0.8046875 0.503125 0.0671875 0.109375
1 0.45078125 0.72734375 0.1296875 0.096875
1 0.42734375 0.8375 0.103125 0.10625
1 0.36640625 0.96328125 0.196875 0.071875
1 0.34375 0.89609375 0.109375 0.1125
1 0.33515625 0.6578125 0.1015625 0.10625
1 0.49609375 0.6328125 0.178125 0.159375
1 0.61875 0.59375 0.1 0.1671875
1 0.64375 0.40859375 0.159375 0.2375
1 0.77421875 0.4125 0.1140625 0.1625
1 0.55703125 0.24921875 0.15625 0.228125
1 0.43984375 0.33359375 0.1625 0.196875
1 0.2875 0.25546875 0.1796875 0.2125
1 0.1671875 0.1265625 0.2375 0.171875
1 0.1203125 0.31953125 0.2203125 0.1984375
1 0.15 0.5609375 0.0796875 0.09375
1 0.8234375 0.0578125 0.353125 0.109375
1 0.38359375 0.14609375 0.125 0.209375
1 0.9265625 0.13828125 0.1359375 0.128125
1 0.7359375 0.1359375 0.1171875 0.1125