0 0.15 0.23046875 0.0828125 0.075
0 0.1296875 0.11328125 0.0484375 0.05
0 0.20234375 0.01796875 0.115625 0.0359375
0 0.053125 0.18515625 0.03125 0.0625
0 0.08203125 0.07109375 0.0328125 0.1375
0 0.1421875 0.3375 0.046875 0.0484375
0 0.5921875 0.01484375 0.08125 0.0296875
1 0.8625 0.70703125 0.275 0.1609375
1 0.8796875 0.1078125 0.228125 0.2125
1 0.87109375 0.44609375 0.2296875 0.275
1 0.6578125 0.66796875 0.1296875 0.09375
1 0.93359375 0.91796875 0.1328125 0.1640625
0 0.10234375 0.7125 0.0375 0.075
0 0.178125 0.78671875 0.025 0.0671875
0 0.090625 0.7921875 0.028125 0.053125