1 0.05390625 0.81015625 0.1078125 0.275
1 0.271875 0.80546875 0.1640625 0.196875
1 0.12421875 0.73984375 0.2484375 0.1921875
1 0.35 0.68671875 0.175 0.2296875
1 0.45703125 0.64375 0.1375 0.121875
1 0.65390625 0.59296875 0.1625 0.125
1 0.84296875 0.49765625 0.109375 0.084375
1 0.959375 0.47578125 0.08125 0.178125
1 0.04921875 0.57578125 0.0984375 0.246875
1 0.2046875 0.57890625 0.171875 0.1109375
1 0.52890625 0.5734375 0.1140625 0.0671875
0 0.984375 0.29375 0.03125 0.115625
0 0.625 0.47890625 0.046875 0.075
0 0.51875 0.4703125 0.1171875 0.04375
0 0.36796875 0.1375 0.0875 0.1015625
0 0.209375 0.2703125 0.04375 0.046875
0 0.2578125 0.22421875 0.071875 0.034375
0 0.40703125 0.12890625 0.0546875 0.071875
0 0.87734375 0.2 0.05625 0.034375
1 0.63671875 0.35859375 0.121875 0.1
1 0.3328125 0.365625 0.1609375 0.15625
1 0.75234375 0.30859375 0.146875 0.0828125
1 0.446875 0.225 0.078125 0.103125
1 0.04609375 0.32421875 0.090625 0.1171875
1 0.2265625 0.1390625 0.153125 0.08125
0 0.11875 0.3734375 0.03125 0.0625