1 0.2109375 0.93828125 0.1875 0.1234375
1 0.0671875 0.83125 0.134375 0.2828125
1 0.22890625 0.8265625 0.2484375 0.15625
1 0.5 0.91796875 0.1765625 0.1640625
1 0.06484375 0.60859375 0.1296875 0.203125
1 0.78671875 0.91875 0.284375 0.1625
1 0.9015625 0.69609375 0.1625 0.2578125
1 0.9546875 0.4671875 0.0671875 0.153125
0 0.2046875 0.53828125 0.04375 0.046875
0 0.27265625 0.596875 0.04375 0.046875
0 0.76484375 0.64296875 0.04375 0.021875
0 0.21015625 0.346875 0.071875 0.1125
0 0.84765625 0.42578125 0.040625 0.0609375
0 0.4625 0.3375 0.025 0.0328125
0 0.53828125 0.34375 0.034375 0.0375
1 0.2375 0.70078125 0.1625 0.15625
0 0.86875 0.29296875 0.0375 0.0828125