1 0.809375 0.7421875 0.15 0.146875
1 0.9140625 0.334375 0.16875 0.14375
1 0.81640625 0.21796875 0.171875 0.090625
1 0.6765625 0.05859375 0.2328125 0.1140625
1 0.3453125 0.03359375 0.284375 0.0640625
1 0.921875 0.56015625 0.15625 0.2640625
1 0.8125 0.55390625 0.1859375 0.18125
1 0.9015625 0.83515625 0.171875 0.2078125
0 0.6703125 0.671875 0.0796875 0.0359375
0 0.7046875 0.33828125 0.096875 0.0484375
1 0.80390625 0.4203125 0.115625 0.103125
0 0.6875 0.41953125 0.04375 0.053125
0 0.1625 0.5625 0.0625 0.05625
0 0.35234375 0.25625 0.040625 0.0640625
0 0.37109375 0.321875 0.0375 0.040625
0 0.56875 0.73359375 0.096875 0.0703125