0 0.37578125 0.73671875 0.0375 0.0546875
0 0.375 0.82109375 0.0375 0.0546875
0 0.32109375 0.653125 0.04375 0.0625
0 0.265625 0.23828125 0.0515625 0.0625
0 0.14296875 0.66796875 0.03125 0.0234375
0 0.06171875 0.43515625 0.021875 0.01875
1 0.64765625 0.66171875 0.225 0.3125
1 0.54453125 0.16875 0.31875 0.13125
1 0.63828125 0.3734375 0.165625 0.109375
1 0.54375 0.925 0.175 0.103125
1 0.853125 0.240625 0.1953125 0.1734375
1 0.85625 0.490625 0.15 0.09375
1 0.86953125 0.6640625 0.1484375 0.14375
1 0.8328125 0.90546875 0.178125 0.13125
1 0.48671875 0.07265625 0.1765625 0.059375
1 0.29296875 0.1015625 0.0546875 0.10625
1 0.453125 0.5296875 0.0921875 0.1625
1 0.4546875 0.740625 0.05 0.078125