1 0.06484375 0.55390625 0.1296875 0.1671875
1 0.075 0.1984375 0.15 0.090625
0 0.29140625 0.82734375 0.1796875 0.1125
0 0.34609375 0.784375 0.171875 0.165625
0 0.49765625 0.784375 0.11875 0.071875
0 0.4328125 0.70078125 0.140625 0.05625
0 0.37734375 0.17109375 0.103125 0.04375
0 0.846875 0.30078125 0.1125 0.05625
0 0.83203125 0.8234375 0.0703125 0.09375
0 0.653125 0.74453125 0.09375 0.03125
0 0.73828125 0.80703125 0.071875 0.0515625
0 0.9109375 0.0515625 0.090625 0.053125
0 0.56796875 0.29765625 0.071875 0.053125
0 0.5875 0.82421875 0.04375 0.0375
0 0.54609375 0.95234375 0.1015625 0.0296875
1 0.08203125 0.059375 0.1625 0.0984375