1 0.10234375 0.54609375 0.203125 0.396875
1 0.11953125 0.85390625 0.2390625 0.2921875
1 0.28515625 0.89375 0.21875 0.190625
1 0.28828125 0.7703125 0.159375 0.10625
0 0.48828125 0.61640625 0.134375 0.109375
0 0.5671875 0.5125 0.171875 0.15625
0 0.625 0.36328125 0.1625 0.1640625
0 0.75703125 0.48046875 0.1625 0.1640625
0 0.75234375 0.35625 0.128125 0.0984375
0 0.496875 0.421875 0.125 0.0875
1 0.3625 0.45703125 0.115625 0.13125
1 0.41953125 0.128125 0.184375 0.15625
1 0.49921875 0.08203125 0.190625 0.159375
1 0.70859375 0.7328125 0.1171875 0.10625
1 0.46484375 0.8375 0.15 0.10625