1 0.1203125 0.71171875 0.240625 0.16875
1 0.0703125 0.51796875 0.140625 0.325
1 0.1828125 0.50859375 0.253125 0.171875
1 0.32109375 0.67734375 0.2140625 0.2484375
1 0.4625 0.59609375 0.209375 0.121875
1 0.58671875 0.6734375 0.196875 0.1328125
1 0.91328125 0.73828125 0.146875 0.1203125
1 0.76484375 0.6703125 0.140625 0.096875
1 0.34609375 0.41328125 0.1203125 0.0625
0 0.2921875 0.35078125 0.040625 0.0296875
0 0.209375 0.325 0.0421875 0.0296875
0 0.07578125 0.3125 0.0625 0.04375
0 0.1515625 0.33203125 0.04375 0.021875
0 0.759375 0.20546875 0.0328125 0.04375