0 0.71328125 0.58125 0.1234375 0.103125
0 0.04296875 0.78515625 0.084375 0.08125
0 0.5625 0.92890625 0.1015625 0.0609375
0 0.9578125 0.87109375 0.084375 0.0625
0 0.40703125 0.61328125 0.03125 0.06875
0 0.246875 0.61328125 0.03125 0.0875
0 0.578125 0.559375 0.08125 0.10625
0 0.5671875 0.7109375 0.053125 0.0515625
0 0.396875 0.89296875 0.0734375 0.0828125
1 0.66875 0.36328125 0.1453125 0.14375
1 0.06015625 0.459375 0.09375 0.1890625
1 0.253125 0.4515625 0.1 0.1609375
1 0.43828125 0.3578125 0.09375 0.10625
0 0.84921875 0.4671875 0.10625 0.115625
0 0.48515625 0.803125 0.03125 0.0375
1 0.05 0.659375 0.05 0.046875