0 0.5890625 0.61796875 0.1125 0.059375
0 0.6546875 0.878125 0.0703125 0.1296875
0 0.3078125 0.17109375 0.0921875 0.059375
1 0.50390625 0.32421875 0.1625 0.196875
0 0.36953125 0.88984375 0.15625 0.1671875
1 0.32421875 0.07109375 0.15625 0.1375
0 0.22265625 0.04921875 0.04375 0.096875
1 0.8421875 0.8328125 0.2625 0.1828125
0 0.37265625 0.375 0.0375 0.15
1 0.72109375 0.55703125 0.153125 0.178125
1 0.62109375 0.3734375 0.19375 0.146875
1 0.5359375 0.084375 0.3125 0.16875
1 0.81953125 0.1265625 0.325 0.253125