1 0.66484375 0.9 0.2640625 0.19375
1 0.91875 0.778125 0.1625 0.434375
1 0.57890625 0.71640625 0.2640625 0.2359375
0 0.52109375 0.36171875 0.11875 0.0859375
0 0.76484375 0.29296875 0.046875 0.1515625
0 0.80625 0.20234375 0.08125 0.078125
0 0.85 0.13125 0.075 0.0859375
0 0.8875 0.18828125 0.065625 0.078125
0 0.36640625 0.47890625 0.0640625 0.078125
1 0.4609375 0.52265625 0.1296875 0.175
1 0.328125 0.69921875 0.115625 0.178125
0 0.26484375 0.5640625 0.0625 0.05625
1 0.35546875 0.5796875 0.10625 0.0796875
0 0.58359375 0.2609375 0.0671875 0.0671875