1 0.05703125 0.70546875 0.1140625 0.1171875
1 0.04609375 0.85390625 0.0921875 0.075
1 0.9265625 0.596875 0.14375 0.0484375
1 0.90546875 0.3421875 0.1890625 0.115625
1 0.81015625 0.0359375 0.225 0.071875
1 0.6203125 0.05 0.1859375 0.1
1 0.534375 0.1125 0.16875 0.10625
1 0.80390625 0.32890625 0.078125 0.040625
1 0.79609375 0.63359375 0.096875 0.025
1 0.84296875 0.75390625 0.128125 0.04375
1 0.76484375 0.69140625 0.115625 0.0515625
1 0.89375 0.8375 0.125 0.0203125
1 0.915625 0.26171875 0.16875 0.059375
1 0.2125 0.67265625 0.171875 0.0828125
1 0.05390625 0.11796875 0.0875 0.0640625
1 0.84140625 0.52109375 0.090625 0.028125
1 0.39453125 0.91484375 0.078125 0.0765625
1 0.22109375 0.525 0.0796875 0.0625
0 0.71796875 0.784375 0.0671875 0.0453125
0 0.65390625 0.52734375 0.034375 0.028125